xsc 400000 6.5 30 9-20-2015
wg 400000 4.5 20 2-10-2000
cg 400000 3.0 10 4-19-1990
42270 400000 6.5 30 9-23-2015
42271 400000 6.5 30 9-24-2015
42272 400000 6.5 30 9-25-2015
42273 400000 6.5 30 9-26-2015
42274 400000 6.5 30 9-27-2015
42275 400000 6.5 30 9-28-2015
42276 400000 6.5 30 9-29-2015
42277 400000 6.5 30 9-30-2015
42278 400000 6.5 30 10-1-2015
42279 400000 6.5 30 10-2-2015
42280 400000 6.5 30 10-3-2015
42281 400000 6.5 30 10-4-2015
42282 400000 6.5 30 10-5-2015
42283 400000 6.5 30 10-6-2015
42284 400000 6.5 30 10-7-2015
42285 400000 6.5 30 10-8-2015
42286 400000 6.5 30 10-9-2015
42287 400000 6.5 30 10-10-2015
42288 400000 6.5 30 10-11-2015
42289 400000 6.5 30 10-12-2015
42290 400000 6.5 30 10-13-2015
42291 400000 6.5 30 10-14-2015
42292 400000 6.5 30 10-15-2015
42293 400000 6.5 30 10-16-2015
42294 400000 6.5 30 10-17-2015
42295 400000 6.5 30 10-18-2015
42296 400000 6.5 30 10-19-2015
42297 400000 6.5 30 10-20-2015
42298 400000 6.5 30 10-21-2015
42299 400000 6.5 30 10-22-2015
42300 400000 6.5 30 10-23-2015
42301 400000 6.5 30 10-24-2015
42302 400000 6.5 30 10-25-2015
42303 400000 6.5 30 10-26-2015
42304 400000 6.5 30 10-27-2015
42305 400000 6.5 30 10-28-2015
42306 400000 6.5 30 10-29-2015
42307 400000 6.5 30 10-30-2015
42308 400000 6.5 30 10-31-2015
42309 400000 6.5 30 11-1-2015
42310 400000 6.5 30 11-2-2015
42311 400000 6.5 30 11-3-2015
42312 400000 6.5 30 11-4-2015
42313 400000 6.5 30 11-5-2015
42314 400000 6.5 30 11-6-2015
42315 400000 6.5 30 11-7-2015
42316 400000 6.5 30 11-8-2015
42317 400000 6.5 30 11-9-2015
42318 400000 6.5 30 11-10-2015
42319 400000 6.5 30 11-11-2015
42320 400000 6.5 30 11-12-2015
42321 400000 6.5 30 11-13-2015
42322 400000 6.5 30 11-14-2015
42323 400000 6.5 30 11-15-2015
42324 400000 6.5 30 11-16-2015
42325 400000 6.5 30 11-17-2015
42326 400000 6.5 30 11-18-2015
42327 400000 6.5 30 11-19-2015
42328 400000 6.5 30 11-20-2015
42329 400000 6.5 30 11-21-2015
42330 400000 6.5 30 11-22-2015
42331 400000 6.5 30 11-23-2015
42332 400000 6.5 30 11-24-2015
42333 400000 6.5 30 11-25-2015
42334 400000 6.5 30 11-26-2015
42335 400000 6.5 30 11-27-2015
42336 400000 6.5 30 11-28-2015
42337 400000 6.5 30 11-29-2015
42338 400000 6.5 30 11-30-2015
42339 400000 6.5 30 12-1-2015
42340 400000 6.5 30 12-2-2015
42341 400000 6.5 30 12-3-2015
42342 400000 6.5 30 12-4-2015
42343 400000 6.5 30 12-5-2015
42344 400000 6.5 30 12-6-2015
42345 400000 6.5 30 12-7-2015
42346 400000 6.5 30 12-8-2015
42347 400000 6.5 30 12-9-2015
42348 400000 6.5 30 12-10-2015
42349 400000 6.5 30 12-11-2015
42350 400000 6.5 30 12-12-2015
42351 400000 6.5 30 12-13-2015
42352 400000 6.5 30 12-14-2015
42353 400000 6.5 30 12-15-2015
42354 400000 6.5 30 12-16-2015
42355 400000 6.5 30 12-17-2015
42356 400000 6.5 30 12-18-2015
42357 400000 6.5 30 12-19-2015
42358 400000 6.5 30 12-20-2015
42359 400000 6.5 30 12-21-2015
42360 400000 6.5 30 12-22-2015
42361 400000 6.5 30 12-23-2015
42362 400000 6.5 30 12-24-2015
42363 400000 6.5 30 12-25-2015
42364 400000 6.5 30 12-26-2015
42365 400000 6.5 30 12-27-2015
42366 400000 6.5 30 12-28-2015
42367 400000 6.5 30 12-29-2015
42368 400000 6.5 30 12-30-2015
42369 400000 6.5 30 12-31-2015
42370 400000 6.5 30 1-1-2016
42371 400000 6.5 30 1-2-2016
42372 400000 6.5 30 1-3-2016
42373 400000 6.5 30 1-4-2016
42374 400000 6.5 30 1-5-2016
42375 400000 6.5 30 1-6-2016
42376 400000 6.5 30 1-7-2016
42377 400000 6.5 30 1-8-2016
42378 400000 6.5 30 1-9-2016
42379 400000 6.5 30 1-10-2016
42380 400000 6.5 30 1-11-2016
42381 400000 6.5 30 1-12-2016
42382 400000 6.5 30 1-13-2016
42383 400000 6.5 30 1-14-2016
42384 400000 6.5 30 1-15-2016
42385 400000 6.5 30 1-16-2016
42386 400000 6.5 30 1-17-2016
42387 400000 6.5 30 1-18-2016
42388 400000 6.5 30 1-19-2016
42389 400000 6.5 30 1-20-2016
42390 400000 6.5 30 1-21-2016
42391 400000 6.5 30 1-22-2016
42392 400000 6.5 30 1-23-2016
42393 400000 6.5 30 1-24-2016
42394 400000 6.5 30 1-25-2016
42395 400000 6.5 30 1-26-2016
42396 400000 6.5 30 1-27-2016
42397 400000 6.5 30 1-28-2016
42398 400000 6.5 30 1-29-2016
42399 400000 6.5 30 1-30-2016
42400 400000 6.5 30 1-31-2016
42401 400000 6.5 30 2-1-2016
42402 400000 6.5 30 2-2-2016
42403 400000 6.5 30 2-3-2016
42404 400000 6.5 30 2-4-2016
42405 400000 6.5 30 2-5-2016
42406 400000 6.5 30 2-6-2016
42407 400000 6.5 30 2-7-2016
42408 400000 6.5 30 2-8-2016
42409 400000 6.5 30 2-9-2016
42410 400000 6.5 30 2-10-2016
42411 400000 6.5 30 2-11-2016
42412 400000 6.5 30 2-12-2016
42413 400000 6.5 30 2-13-2016
42414 400000 6.5 30 2-14-2016
42415 400000 6.5 30 2-15-2016
42416 400000 6.5 30 2-16-2016
42417 400000 6.5 30 2-17-2016
42418 400000 6.5 30 2-18-2016
42419 400000 6.5 30 2-19-2016
42420 400000 6.5 30 2-20-2016
42421 400000 6.5 30 2-21-2016
42422 400000 6.5 30 2-22-2016
42423 400000 6.5 30 2-23-2016
42424 400000 6.5 30 2-24-2016
42425 400000 6.5 30 2-25-2016
42426 400000 6.5 30 2-26-2016
42427 400000 6.5 30 2-27-2016
42428 400000 6.5 30 2-28-2016
42429 400000 6.5 30 2-29-2016
42430 400000 6.5 30 3-1-2016
42431 400000 6.5 30 3-2-2016
42432 400000 6.5 30 3-3-2016
42433 400000 6.5 30 3-4-2016
42434 400000 6.5 30 3-5-2016
42435 400000 6.5 30 3-6-2016
42436 400000 6.5 30 3-7-2016
42437 400000 6.5 30 3-8-2016
42438 400000 6.5 30 3-9-2016
42439 400000 6.5 30 3-10-2016
42440 400000 6.5 30 3-11-2016
42441 400000 6.5 30 3-12-2016
42442 400000 6.5 30 3-13-2016
42443 400000 6.5 30 3-14-2016
42444 400000 6.5 30 3-15-2016
42445 400000 6.5 30 3-16-2016
42446 400000 6.5 30 3-17-2016
42447 400000 6.5 30 3-18-2016
42448 400000 6.5 30 3-19-2016
42449 400000 6.5 30 3-20-2016
42450 400000 6.5 30 3-21-2016
42451 400000 6.5 30 3-22-2016
42452 400000 6.5 30 3-23-2016
42453 400000 6.5 30 3-24-2016
42454 400000 6.5 30 3-25-2016
42455 400000 6.5 30 3-26-2016
42456 400000 6.5 30 3-27-2016
42457 400000 6.5 30 3-28-2016
42458 400000 6.5 30 3-29-2016
42459 400000 6.5 30 3-30-2016
42460 400000 6.5 30 3-31-2016
42461 400000 6.5 30 4-1-2016
42462 400000 6.5 30 4-2-2016
42463 400000 6.5 30 4-3-2016
42464 400000 6.5 30 4-4-2016
42465 400000 6.5 30 4-5-2016
42466 400000 6.5 30 4-6-2016
42467 400000 6.5 30 4-7-2016
42468 400000 6.5 30 4-8-2016
42469 400000 6.5 30 4-9-2016
42470 400000 6.5 30 4-10-2016
42471 400000 6.5 30 4-11-2016
42472 400000 6.5 30 4-12-2016
42473 400000 6.5 30 4-13-2016
42474 400000 6.5 30 4-14-2016
42475 400000 6.5 30 4-15-2016
42476 400000 6.5 30 4-16-2016
42477 400000 6.5 30 4-17-2016
42478 400000 6.5 30 4-18-2016
42479 400000 6.5 30 4-19-2016
42480 400000 6.5 30 4-20-2016
42481 400000 6.5 30 4-21-2016
42482 400000 6.5 30 4-22-2016
42483 400000 6.5 30 4-23-2016
42484 400000 6.5 30 4-24-2016
42485 400000 6.5 30 4-25-2016
42486 400000 6.5 30 4-26-2016
42487 400000 6.5 30 4-27-2016
42488 400000 6.5 30 4-28-2016
42489 400000 6.5 30 4-29-2016
42490 400000 6.5 30 4-30-2016
42491 400000 6.5 30 5-1-2016
42492 400000 6.5 30 5-2-2016
42493 400000 6.5 30 5-3-2016
42494 400000 6.5 30 5-4-2016
42495 400000 6.5 30 5-5-2016
42496 400000 6.5 30 5-6-2016
42497 400000 6.5 30 5-7-2016
42498 400000 6.5 30 5-8-2016
42499 400000 6.5 30 5-9-2016
42500 400000 6.5 30 5-10-2016
42501 400000 6.5 30 5-11-2016
42502 400000 6.5 30 5-12-2016
42503 400000 6.5 30 5-13-2016
42504 400000 6.5 30 5-14-2016
42505 400000 6.5 30 5-15-2016
42506 400000 6.5 30 5-16-2016
42507 400000 6.5 30 5-17-2016
42508 400000 6.5 30 5-18-2016
42509 400000 6.5 30 5-19-2016
42510 400000 6.5 30 5-20-2016
42511 400000 6.5 30 5-21-2016
42512 400000 6.5 30 5-22-2016
42513 400000 6.5 30 5-23-2016
42514 400000 6.5 30 5-24-2016
42515 400000 6.5 30 5-25-2016
42516 400000 6.5 30 5-26-2016
42517 400000 6.5 30 5-27-2016
42518 400000 6.5 30 5-28-2016
42519 400000 6.5 30 5-29-2016
42520 400000 6.5 30 5-30-2016
42521 400000 6.5 30 5-31-2016
42522 400000 6.5 30 6-1-2016
42523 400000 6.5 30 6-2-2016
42524 400000 6.5 30 6-3-2016
42525 400000 6.5 30 6-4-2016
42526 400000 6.5 30 6-5-2016
42527 400000 6.5 30 6-6-2016
42528 400000 6.5 30 6-7-2016
42529 400000 6.5 30 6-8-2016
42530 400000 6.5 30 6-9-2016
42531 400000 6.5 30 6-10-2016
42532 400000 6.5 30 6-11-2016
42533 400000 6.5 30 6-12-2016
42534 400000 6.5 30 6-13-2016
42535 400000 6.5 30 6-14-2016
42536 400000 6.5 30 6-15-2016
42537 400000 6.5 30 6-16-2016
42538 400000 6.5 30 6-17-2016
42539 400000 6.5 30 6-18-2016
42540 400000 6.5 30 6-19-2016
42541 400000 6.5 30 6-20-2016
42542 400000 6.5 30 6-21-2016
42543 400000 6.5 30 6-22-2016
42544 400000 6.5 30 6-23-2016
42545 400000 6.5 30 6-24-2016
42546 400000 6.5 30 6-25-2016
42547 400000 6.5 30 6-26-2016
42548 400000 6.5 30 6-27-2016
42549 400000 6.5 30 6-28-2016
42550 400000 6.5 30 6-29-2016
42551 400000 6.5 30 6-30-2016
42552 400000 6.5 30 7-1-2016
42553 400000 6.5 30 7-2-2016
42554 400000 6.5 30 7-3-2016
42555 400000 6.5 30 7-4-2016
42556 400000 6.5 30 7-5-2016
42557 400000 6.5 30 7-6-2016
42558 400000 6.5 30 7-7-2016
42559 400000 6.5 30 7-8-2016
42560 400000 6.5 30 7-9-2016
42561 400000 6.5 30 7-10-2016
42562 400000 6.5 30 7-11-2016
42563 400000 6.5 30 7-12-2016
42564 400000 6.5 30 7-13-2016
42565 400000 6.5 30 7-14-2016
42566 400000 6.5 30 7-15-2016
42567 400000 6.5 30 7-16-2016
42568 400000 6.5 30 7-17-2016
42569 400000 6.5 30 7-18-2016
42570 400000 6.5 30 7-19-2016
42571 400000 6.5 30 7-20-2016
42572 400000 6.5 30 7-21-2016
42573 400000 6.5 30 7-22-2016
42574 400000 6.5 30 7-23-2016
42575 400000 6.5 30 7-24-2016
42576 400000 6.5 30 7-25-2016
42577 400000 6.5 30 7-26-2016
42578 400000 6.5 30 7-27-2016
42579 400000 6.5 30 7-28-2016
42580 400000 6.5 30 7-29-2016
42581 400000 6.5 30 7-30-2016
42582 400000 6.5 30 7-31-2016
42583 400000 6.5 30 8-1-2016
42584 400000 6.5 30 8-2-2016
42585 400000 6.5 30 8-3-2016
42586 400000 6.5 30 8-4-2016
42587 400000 6.5 30 8-5-2016
42588 400000 6.5 30 8-6-2016
42589 400000 6.5 30 8-7-2016
42590 400000 6.5 30 8-8-2016
42591 400000 6.5 30 8-9-2016
42592 400000 6.5 30 8-10-2016
42593 400000 6.5 30 8-11-2016
42594 400000 6.5 30 8-12-2016
42595 400000 6.5 30 8-13-2016
42596 400000 6.5 30 8-14-2016
42597 400000 6.5 30 8-15-2016
42598 400000 6.5 30 8-16-2016
42599 400000 6.5 30 8-17-2016
42600 400000 6.5 30 8-18-2016
42601 400000 6.5 30 8-19-2016
42602 400000 6.5 30 8-20-2016
42603 400000 6.5 30 8-21-2016
42604 400000 6.5 30 8-22-2016
42605 400000 6.5 30 8-23-2016
42606 400000 6.5 30 8-24-2016
42607 400000 6.5 30 8-25-2016
42608 400000 6.5 30 8-26-2016
42609 400000 6.5 30 8-27-2016
42610 400000 6.5 30 8-28-2016
42611 400000 6.5 30 8-29-2016
42612 400000 6.5 30 8-30-2016
42613 400000 6.5 30 8-31-2016
42614 400000 6.5 30 9-1-2016
42615 400000 6.5 30 9-2-2016
42616 400000 6.5 30 9-3-2016
42617 400000 6.5 30 9-4-2016
42618 400000 6.5 30 9-5-2016
42619 400000 6.5 30 9-6-2016
42620 400000 6.5 30 9-7-2016
42621 400000 6.5 30 9-8-2016
42622 400000 6.5 30 9-9-2016
42623 400000 6.5 30 9-10-2016
42624 400000 6.5 30 9-11-2016
42625 400000 6.5 30 9-12-2016
42626 400000 6.5 30 9-13-2016
42627 400000 6.5 30 9-14-2016
42628 400000 6.5 30 9-15-2016
42629 400000 6.5 30 9-16-2016
42630 400000 6.5 30 9-17-2016
42631 400000 6.5 30 9-18-2016
42632 400000 6.5 30 9-19-2016
42633 400000 6.5 30 9-20-2016
42634 400000 6.5 30 9-21-2016
42635 400000 6.5 30 9-22-2016
42636 400000 6.5 30 9-23-2016
42637 400000 6.5 30 9-24-2016
42638 400000 6.5 30 9-25-2016
42639 400000 6.5 30 9-26-2016
42640 400000 6.5 30 9-27-2016
42641 400000 6.5 30 9-28-2016
42642 400000 6.5 30 9-29-2016
42643 400000 6.5 30 9-30-2016
42644 400000 6.5 30 10-1-2016
42645 400000 6.5 30 10-2-2016
42646 400000 6.5 30 10-3-2016
42647 400000 6.5 30 10-4-2016
42648 400000 6.5 30 10-5-2016
42649 400000 6.5 30 10-6-2016
42650 400000 6.5 30 10-7-2016
42651 400000 6.5 30 10-8-2016
42652 400000 6.5 30 10-9-2016
42653 400000 6.5 30 10-10-2016
42654 400000 6.5 30 10-11-2016
42655 400000 6.5 30 10-12-2016
42656 400000 6.5 30 10-13-2016
42657 400000 6.5 30 10-14-2016
42658 400000 6.5 30 10-15-2016
42659 400000 6.5 30 10-16-2016
42660 400000 6.5 30 10-17-2016
42661 400000 6.5 30 10-18-2016
42662 400000 6.5 30 10-19-2016
42663 400000 6.5 30 10-20-2016
42664 400000 6.5 30 10-21-2016
42665 400000 6.5 30 10-22-2016
42666 400000 6.5 30 10-23-2016
42667 400000 6.5 30 10-24-2016
42668 400000 6.5 30 10-25-2016
42669 400000 6.5 30 10-26-2016
42670 400000 6.5 30 10-27-2016
42671 400000 6.5 30 10-28-2016
42672 400000 6.5 30 10-29-2016
42673 400000 6.5 30 10-30-2016
42674 400000 6.5 30 10-31-2016
42675 400000 6.5 30 11-1-2016
42676 400000 6.5 30 11-2-2016
42677 400000 6.5 30 11-3-2016
42678 400000 6.5 30 11-4-2016
42679 400000 6.5 30 11-5-2016
42680 400000 6.5 30 11-6-2016
42681 400000 6.5 30 11-7-2016
42682 400000 6.5 30 11-8-2016
42683 400000 6.5 30 11-9-2016
42684 400000 6.5 30 11-10-2016
42685 400000 6.5 30 11-11-2016
42686 400000 6.5 30 11-12-2016
42687 400000 6.5 30 11-13-2016
42688 400000 6.5 30 11-14-2016
42689 400000 6.5 30 11-15-2016
42690 400000 6.5 30 11-16-2016
42691 400000 6.5 30 11-17-2016
42692 400000 6.5 30 11-18-2016
42693 400000 6.5 30 11-19-2016
42694 400000 6.5 30 11-20-2016
42695 400000 6.5 30 11-21-2016
42696 400000 6.5 30 11-22-2016
42697 400000 6.5 30 11-23-2016
42698 400000 6.5 30 11-24-2016
42699 400000 6.5 30 11-25-2016
42700 400000 6.5 30 11-26-2016
42701 400000 6.5 30 11-27-2016
42702 400000 6.5 30 11-28-2016
42703 400000 6.5 30 11-29-2016
42704 400000 6.5 30 11-30-2016
42705 400000 6.5 30 12-1-2016
42706 400000 6.5 30 12-2-2016
42707 400000 6.5 30 12-3-2016
42708 400000 6.5 30 12-4-2016
42709 400000 6.5 30 12-5-2016
42710 400000 6.5 30 12-6-2016
42711 400000 6.5 30 12-7-2016
42712 400000 6.5 30 12-8-2016
42713 400000 6.5 30 12-9-2016
42714 400000 6.5 30 12-10-2016
42715 400000 6.5 30 12-11-2016
42716 400000 6.5 30 12-12-2016
42717 400000 6.5 30 12-13-2016
42718 400000 6.5 30 12-14-2016
42719 400000 6.5 30 12-15-2016
42720 400000 6.5 30 12-16-2016
42721 400000 6.5 30 12-17-2016
42722 400000 6.5 30 12-18-2016
42723 400000 6.5 30 12-19-2016
42724 400000 6.5 30 12-20-2016
42725 400000 6.5 30 12-21-2016
42726 400000 6.5 30 12-22-2016
42727 400000 6.5 30 12-23-2016
42728 400000 6.5 30 12-24-2016
42729 400000 6.5 30 12-25-2016
42730 400000 6.5 30 12-26-2016
42731 400000 6.5 30 12-27-2016
42732 400000 6.5 30 12-28-2016
42733 400000 6.5 30 12-29-2016
42734 400000 6.5 30 12-30-2016
42735 400000 6.5 30 12-31-2016
42736 400000 6.5 30 1-1-2017
42737 400000 6.5 30 1-2-2017
42738 400000 6.5 30 1-3-2017
42739 400000 6.5 30 1-4-2017
42740 400000 6.5 30 1-5-2017
42741 400000 6.5 30 1-6-2017
42742 400000 6.5 30 1-7-2017
42743 400000 6.5 30 1-8-2017
42744 400000 6.5 30 1-9-2017
42745 400000 6.5 30 1-10-2017
42746 400000 6.5 30 1-11-2017
42747 400000 6.5 30 1-12-2017
42748 400000 6.5 30 1-13-2017
42749 400000 6.5 30 1-14-2017
42750 400000 6.5 30 1-15-2017
42751 400000 6.5 30 1-16-2017
42752 400000 6.5 30 1-17-2017
42753 400000 6.5 30 1-18-2017
42754 400000 6.5 30 1-19-2017
42755 400000 6.5 30 1-20-2017
42756 400000 6.5 30 1-21-2017
42757 400000 6.5 30 1-22-2017
42758 400000 6.5 30 1-23-2017
42759 400000 6.5 30 1-24-2017
42760 400000 6.5 30 1-25-2017
42761 400000 6.5 30 1-26-2017
42762 400000 6.5 30 1-27-2017
42763 400000 6.5 30 1-28-2017
42764 400000 6.5 30 1-29-2017
42765 400000 6.5 30 1-30-2017
42766 400000 6.5 30 1-31-2017
42767 400000 6.5 30 2-1-2017
42768 400000 6.5 30 2-2-2017
42769 400000 6.5 30 2-3-2017
42770 400000 6.5 30 2-4-2017
42771 400000 6.5 30 2-5-2017
42772 400000 6.5 30 2-6-2017
42773 400000 6.5 30 2-7-2017
42774 400000 6.5 30 2-8-2017
42775 400000 6.5 30 2-9-2017
42776 400000 6.5 30 2-10-2017
42777 400000 6.5 30 2-11-2017
42778 400000 6.5 30 2-12-2017
42779 400000 6.5 30 2-13-2017
42780 400000 6.5 30 2-14-2017
42781 400000 6.5 30 2-15-2017
42782 400000 6.5 30 2-16-2017
42783 400000 6.5 30 2-17-2017
42784 400000 6.5 30 2-18-2017
42785 400000 6.5 30 2-19-2017
42786 400000 6.5 30 2-20-2017
42787 400000 6.5 30 2-21-2017
42788 400000 6.5 30 2-22-2017
42789 400000 6.5 30 2-23-2017
42790 400000 6.5 30 2-24-2017
42791 400000 6.5 30 2-25-2017
42792 400000 6.5 30 2-26-2017
42793 400000 6.5 30 2-27-2017
42794 400000 6.5 30 2-28-2017
42795 400000 6.5 30 3-1-2017
42796 400000 6.5 30 3-2-2017
42797 400000 6.5 30 3-3-2017
42798 400000 6.5 30 3-4-2017
42799 400000 6.5 30 3-5-2017
42800 400000 6.5 30 3-6-2017
42801 400000 6.5 30 3-7-2017
42802 400000 6.5 30 3-8-2017
42803 400000 6.5 30 3-9-2017
42804 400000 6.5 30 3-10-2017
42805 400000 6.5 30 3-11-2017
42806 400000 6.5 30 3-12-2017
42807 400000 6.5 30 3-13-2017
42808 400000 6.5 30 3-14-2017
42809 400000 6.5 30 3-15-2017
42810 400000 6.5 30 3-16-2017
42811 400000 6.5 30 3-17-2017
42812 400000 6.5 30 3-18-2017
42813 400000 6.5 30 3-19-2017
42814 400000 6.5 30 3-20-2017
42815 400000 6.5 30 3-21-2017
42816 400000 6.5 30 3-22-2017
42817 400000 6.5 30 3-23-2017
42818 400000 6.5 30 3-24-2017
42819 400000 6.5 30 3-25-2017
42820 400000 6.5 30 3-26-2017
42821 400000 6.5 30 3-27-2017
42822 400000 6.5 30 3-28-2017
42823 400000 6.5 30 3-29-2017
42824 400000 6.5 30 3-30-2017
42825 400000 6.5 30 3-31-2017
42826 400000 6.5 30 4-1-2017
42827 400000 6.5 30 4-2-2017
42828 400000 6.5 30 4-3-2017
42829 400000 6.5 30 4-4-2017
42830 400000 6.5 30 4-5-2017
42831 400000 6.5 30 4-6-2017
42832 400000 6.5 30 4-7-2017
42833 400000 6.5 30 4-8-2017
42834 400000 6.5 30 4-9-2017
42835 400000 6.5 30 4-10-2017
42836 400000 6.5 30 4-11-2017
42837 400000 6.5 30 4-12-2017
42838 400000 6.5 30 4-13-2017
42839 400000 6.5 30 4-14-2017
42840 400000 6.5 30 4-15-2017
42841 400000 6.5 30 4-16-2017
42842 400000 6.5 30 4-17-2017
42843 400000 6.5 30 4-18-2017
42844 400000 6.5 30 4-19-2017
42845 400000 6.5 30 4-20-2017
42846 400000 6.5 30 4-21-2017
42847 400000 6.5 30 4-22-2017
42848 400000 6.5 30 4-23-2017
42849 400000 6.5 30 4-24-2017
42850 400000 6.5 30 4-25-2017
42851 400000 6.5 30 4-26-2017
42852 400000 6.5 30 4-27-2017
42853 400000 6.5 30 4-28-2017
42854 400000 6.5 30 4-29-2017
42855 400000 6.5 30 4-30-2017
42856 400000 6.5 30 5-1-2017
42857 400000 6.5 30 5-2-2017
42858 400000 6.5 30 5-3-2017
42859 400000 6.5 30 5-4-2017
42860 400000 6.5 30 5-5-2017
42861 400000 6.5 30 5-6-2017
42862 400000 6.5 30 5-7-2017
42863 400000 6.5 30 5-8-2017
42864 400000 6.5 30 5-9-2017
42865 400000 6.5 30 5-10-2017
42866 400000 6.5 30 5-11-2017
42867 400000 6.5 30 5-12-2017
42868 400000 6.5 30 5-13-2017
42869 400000 6.5 30 5-14-2017
42870 400000 6.5 30 5-15-2017
42871 400000 6.5 30 5-16-2017
42872 400000 6.5 30 5-17-2017
42873 400000 6.5 30 5-18-2017
42874 400000 6.5 30 5-19-2017
42875 400000 6.5 30 5-20-2017
42876 400000 6.5 30 5-21-2017
42877 400000 6.5 30 5-22-2017
42878 400000 6.5 30 5-23-2017
42879 400000 6.5 30 5-24-2017
42880 400000 6.5 30 5-25-2017
42881 400000 6.5 30 5-26-2017
42882 400000 6.5 30 5-27-2017
42883 400000 6.5 30 5-28-2017
42884 400000 6.5 30 5-29-2017
42885 400000 6.5 30 5-30-2017
42886 400000 6.5 30 5-31-2017
42887 400000 6.5 30 6-1-2017
42888 400000 6.5 30 6-2-2017
42889 400000 6.5 30 6-3-2017
42890 400000 6.5 30 6-4-2017
42891 400000 6.5 30 6-5-2017
42892 400000 6.5 30 6-6-2017
42893 400000 6.5 30 6-7-2017
42894 400000 6.5 30 6-8-2017
42895 400000 6.5 30 6-9-2017
42896 400000 6.5 30 6-10-2017
42897 400000 6.5 30 6-11-2017
42898 400000 6.5 30 6-12-2017
42899 400000 6.5 30 6-13-2017
42900 400000 6.5 30 6-14-2017
42901 400000 6.5 30 6-15-2017
42902 400000 6.5 30 6-16-2017
42903 400000 6.5 30 6-17-2017
42904 400000 6.5 30 6-18-2017
42905 400000 6.5 30 6-19-2017
42906 400000 6.5 30 6-20-2017
42907 400000 6.5 30 6-21-2017
42908 400000 6.5 30 6-22-2017
42909 400000 6.5 30 6-23-2017
42910 400000 6.5 30 6-24-2017
42911 400000 6.5 30 6-25-2017
42912 400000 6.5 30 6-26-2017
42913 400000 6.5 30 6-27-2017
42914 400000 6.5 30 6-28-2017
42915 400000 6.5 30 6-29-2017
42916 400000 6.5 30 6-30-2017
42917 400000 6.5 30 7-1-2017
42918 400000 6.5 30 7-2-2017
42919 400000 6.5 30 7-3-2017
42920 400000 6.5 30 7-4-2017
42921 400000 6.5 30 7-5-2017
42922 400000 6.5 30 7-6-2017
42923 400000 6.5 30 7-7-2017
42924 400000 6.5 30 7-8-2017
42925 400000 6.5 30 7-9-2017
42926 400000 6.5 30 7-10-2017
42927 400000 6.5 30 7-11-2017
42928 400000 6.5 30 7-12-2017
42929 400000 6.5 30 7-13-2017
42930 400000 6.5 30 7-14-2017
42931 400000 6.5 30 7-15-2017
42932 400000 6.5 30 7-16-2017
42933 400000 6.5 30 7-17-2017
42934 400000 6.5 30 7-18-2017
42935 400000 6.5 30 7-19-2017
42936 400000 6.5 30 7-20-2017
42937 400000 6.5 30 7-21-2017
42938 400000 6.5 30 7-22-2017
42939 400000 6.5 30 7-23-2017
42940 400000 6.5 30 7-24-2017
42941 400000 6.5 30 7-25-2017
42942 400000 6.5 30 7-26-2017
42943 400000 6.5 30 7-27-2017
42944 400000 6.5 30 7-28-2017
42945 400000 6.5 30 7-29-2017
42946 400000 6.5 30 7-30-2017
42947 400000 6.5 30 7-31-2017
42948 400000 6.5 30 8-1-2017
42949 400000 6.5 30 8-2-2017
42950 400000 6.5 30 8-3-2017
42951 400000 6.5 30 8-4-2017
42952 400000 6.5 30 8-5-2017
42953 400000 6.5 30 8-6-2017
42954 400000 6.5 30 8-7-2017
42955 400000 6.5 30 8-8-2017
42956 400000 6.5 30 8-9-2017
42957 400000 6.5 30 8-10-2017
42958 400000 6.5 30 8-11-2017
42959 400000 6.5 30 8-12-2017
42960 400000 6.5 30 8-13-2017
42961 400000 6.5 30 8-14-2017
42962 400000 6.5 30 8-15-2017
42963 400000 6.5 30 8-16-2017
42964 400000 6.5 30 8-17-2017
42965 400000 6.5 30 8-18-2017
42966 400000 6.5 30 8-19-2017
42967 400000 6.5 30 8-20-2017
42968 400000 6.5 30 8-21-2017
42969 400000 6.5 30 8-22-2017
42970 400000 6.5 30 8-23-2017
42971 400000 6.5 30 8-24-2017
42972 400000 6.5 30 8-25-2017
42973 400000 6.5 30 8-26-2017
42974 400000 6.5 30 8-27-2017
42975 400000 6.5 30 8-28-2017
42976 400000 6.5 30 8-29-2017
42977 400000 6.5 30 8-30-2017
42978 400000 6.5 30 8-31-2017
42979 400000 6.5 30 9-1-2017
42980 400000 6.5 30 9-2-2017
42981 400000 6.5 30 9-3-2017
42982 400000 6.5 30 9-4-2017
42983 400000 6.5 30 9-5-2017
42984 400000 6.5 30 9-6-2017
42985 400000 6.5 30 9-7-2017
42986 400000 6.5 30 9-8-2017
42987 400000 6.5 30 9-9-2017
42988 400000 6.5 30 9-10-2017
42989 400000 6.5 30 9-11-2017
42990 400000 6.5 30 9-12-2017
42991 400000 6.5 30 9-13-2017
42992 400000 6.5 30 9-14-2017
42993 400000 6.5 30 9-15-2017
42994 400000 6.5 30 9-16-2017
42995 400000 6.5 30 9-17-2017
42996 400000 6.5 30 9-18-2017
42997 400000 6.5 30 9-19-2017
42998 400000 6.5 30 9-20-2017
42999 400000 6.5 30 9-21-2017
43000 400000 6.5 30 9-22-2017
43001 400000 6.5 30 9-23-2017
43002 400000 6.5 30 9-24-2017
43003 400000 6.5 30 9-25-2017
43004 400000 6.5 30 9-26-2017
43005 400000 6.5 30 9-27-2017
43006 400000 6.5 30 9-28-2017
43007 400000 6.5 30 9-29-2017
43008 400000 6.5 30 9-30-2017
43009 400000 6.5 30 10-1-2017
43010 400000 6.5 30 10-2-2017
43011 400000 6.5 30 10-3-2017
43012 400000 6.5 30 10-4-2017
43013 400000 6.5 30 10-5-2017
43014 400000 6.5 30 10-6-2017
43015 400000 6.5 30 10-7-2017
43016 400000 6.5 30 10-8-2017
43017 400000 6.5 30 10-9-2017
43018 400000 6.5 30 10-10-2017
43019 400000 6.5 30 10-11-2017
43020 400000 6.5 30 10-12-2017
43021 400000 6.5 30 10-13-2017
43022 400000 6.5 30 10-14-2017
43023 400000 6.5 30 10-15-2017
43024 400000 6.5 30 10-16-2017
43025 400000 6.5 30 10-17-2017
43026 400000 6.5 30 10-18-2017
43027 400000 6.5 30 10-19-2017
43028 400000 6.5 30 10-20-2017
43029 400000 6.5 30 10-21-2017
43030 400000 6.5 30 10-22-2017
43031 400000 6.5 30 10-23-2017
43032 400000 6.5 30 10-24-2017
43033 400000 6.5 30 10-25-2017
43034 400000 6.5 30 10-26-2017
43035 400000 6.5 30 10-27-2017
43036 400000 6.5 30 10-28-2017
43037 400000 6.5 30 10-29-2017
43038 400000 6.5 30 10-30-2017
43039 400000 6.5 30 10-31-2017
43040 400000 6.5 30 11-1-2017
43041 400000 6.5 30 11-2-2017
43042 400000 6.5 30 11-3-2017
43043 400000 6.5 30 11-4-2017
43044 400000 6.5 30 11-5-2017
43045 400000 6.5 30 11-6-2017
43046 400000 6.5 30 11-7-2017
43047 400000 6.5 30 11-8-2017
43048 400000 6.5 30 11-9-2017
43049 400000 6.5 30 11-10-2017
43050 400000 6.5 30 11-11-2017
43051 400000 6.5 30 11-12-2017
43052 400000 6.5 30 11-13-2017
43053 400000 6.5 30 11-14-2017
43054 400000 6.5 30 11-15-2017
43055 400000 6.5 30 11-16-2017
43056 400000 6.5 30 11-17-2017
43057 400000 6.5 30 11-18-2017
43058 400000 6.5 30 11-19-2017
43059 400000 6.5 30 11-20-2017
43060 400000 6.5 30 11-21-2017
43061 400000 6.5 30 11-22-2017
43062 400000 6.5 30 11-23-2017
43063 400000 6.5 30 11-24-2017
43064 400000 6.5 30 11-25-2017
43065 400000 6.5 30 11-26-2017
43066 400000 6.5 30 11-27-2017
43067 400000 6.5 30 11-28-2017
43068 400000 6.5 30 11-29-2017
43069 400000 6.5 30 11-30-2017
43070 400000 6.5 30 12-1-2017
43071 400000 6.5 30 12-2-2017
43072 400000 6.5 30 12-3-2017
43073 400000 6.5 30 12-4-2017
43074 400000 6.5 30 12-5-2017
43075 400000 6.5 30 12-6-2017
43076 400000 6.5 30 12-7-2017
43077 400000 6.5 30 12-8-2017
43078 400000 6.5 30 12-9-2017
43079 400000 6.5 30 12-10-2017
43080 400000 6.5 30 12-11-2017
43081 400000 6.5 30 12-12-2017
43082 400000 6.5 30 12-13-2017
43083 400000 6.5 30 12-14-2017
43084 400000 6.5 30 12-15-2017
43085 400000 6.5 30 12-16-2017
43086 400000 6.5 30 12-17-2017
43087 400000 6.5 30 12-18-2017
43088 400000 6.5 30 12-19-2017
43089 400000 6.5 30 12-20-2017
43090 400000 6.5 30 12-21-2017
43091 400000 6.5 30 12-22-2017
43092 400000 6.5 30 12-23-2017
43093 400000 6.5 30 12-24-2017
43094 400000 6.5 30 12-25-2017
43095 400000 6.5 30 12-26-2017
43096 400000 6.5 30 12-27-2017
43097 400000 6.5 30 12-28-2017
43098 400000 6.5 30 12-29-2017
43099 400000 6.5 30 12-30-2017
43100 400000 6.5 30 12-31-2017
43101 400000 6.5 30 1-1-2018
43102 400000 6.5 30 1-2-2018
43103 400000 6.5 30 1-3-2018
43104 400000 6.5 30 1-4-2018
43105 400000 6.5 30 1-5-2018
43106 400000 6.5 30 1-6-2018
43107 400000 6.5 30 1-7-2018
43108 400000 6.5 30 1-8-2018
43109 400000 6.5 30 1-9-2018
43110 400000 6.5 30 1-10-2018
43111 400000 6.5 30 1-11-2018
43112 400000 6.5 30 1-12-2018
43113 400000 6.5 30 1-13-2018
43114 400000 6.5 30 1-14-2018
43115 400000 6.5 30 1-15-2018
43116 400000 6.5 30 1-16-2018
43117 400000 6.5 30 1-17-2018
43118 400000 6.5 30 1-18-2018
43119 400000 6.5 30 1-19-2018
43120 400000 6.5 30 1-20-2018
43121 400000 6.5 30 1-21-2018
43122 400000 6.5 30 1-22-2018
43123 400000 6.5 30 1-23-2018
43124 400000 6.5 30 1-24-2018
43125 400000 6.5 30 1-25-2018
43126 400000 6.5 30 1-26-2018
43127 400000 6.5 30 1-27-2018
43128 400000 6.5 30 1-28-2018
43129 400000 6.5 30 1-29-2018
43130 400000 6.5 30 1-30-2018
43131 400000 6.5 30 1-31-2018
43132 400000 6.5 30 2-1-2018
43133 400000 6.5 30 2-2-2018
43134 400000 6.5 30 2-3-2018
43135 400000 6.5 30 2-4-2018
43136 400000 6.5 30 2-5-2018
43137 400000 6.5 30 2-6-2018
43138 400000 6.5 30 2-7-2018
43139 400000 6.5 30 2-8-2018
43140 400000 6.5 30 2-9-2018
43141 400000 6.5 30 2-10-2018
43142 400000 6.5 30 2-11-2018
43143 400000 6.5 30 2-12-2018
43144 400000 6.5 30 2-13-2018
43145 400000 6.5 30 2-14-2018
43146 400000 6.5 30 2-15-2018
43147 400000 6.5 30 2-16-2018
43148 400000 6.5 30 2-17-2018
43149 400000 6.5 30 2-18-2018
43150 400000 6.5 30 2-19-2018
43151 400000 6.5 30 2-20-2018
43152 400000 6.5 30 2-21-2018
43153 400000 6.5 30 2-22-2018
43154 400000 6.5 30 2-23-2018
43155 400000 6.5 30 2-24-2018
43156 400000 6.5 30 2-25-2018
43157 400000 6.5 30 2-26-2018
43158 400000 6.5 30 2-27-2018
43159 400000 6.5 30 2-28-2018
43160 400000 6.5 30 3-1-2018
43161 400000 6.5 30 3-2-2018
43162 400000 6.5 30 3-3-2018
43163 400000 6.5 30 3-4-2018
43164 400000 6.5 30 3-5-2018
43165 400000 6.5 30 3-6-2018
43166 400000 6.5 30 3-7-2018
43167 400000 6.5 30 3-8-2018
43168 400000 6.5 30 3-9-2018
43169 400000 6.5 30 3-10-2018
43170 400000 6.5 30 3-11-2018
43171 400000 6.5 30 3-12-2018
43172 400000 6.5 30 3-13-2018
43173 400000 6.5 30 3-14-2018
43174 400000 6.5 30 3-15-2018
43175 400000 6.5 30 3-16-2018
43176 400000 6.5 30 3-17-2018
43177 400000 6.5 30 3-18-2018
43178 400000 6.5 30 3-19-2018
43179 400000 6.5 30 3-20-2018
43180 400000 6.5 30 3-21-2018
43181 400000 6.5 30 3-22-2018
43182 400000 6.5 30 3-23-2018
43183 400000 6.5 30 3-24-2018
43184 400000 6.5 30 3-25-2018
43185 400000 6.5 30 3-26-2018
43186 400000 6.5 30 3-27-2018
43187 400000 6.5 30 3-28-2018
43188 400000 6.5 30 3-29-2018
43189 400000 6.5 30 3-30-2018
43190 400000 6.5 30 3-31-2018
43191 400000 6.5 30 4-1-2018
43192 400000 6.5 30 4-2-2018
43193 400000 6.5 30 4-3-2018
43194 400000 6.5 30 4-4-2018
43195 400000 6.5 30 4-5-2018
43196 400000 6.5 30 4-6-2018
43197 400000 6.5 30 4-7-2018
43198 400000 6.5 30 4-8-2018
43199 400000 6.5 30 4-9-2018
43200 400000 6.5 30 4-10-2018
43201 400000 6.5 30 4-11-2018
43202 400000 6.5 30 4-12-2018
43203 400000 6.5 30 4-13-2018
43204 400000 6.5 30 4-14-2018
43205 400000 6.5 30 4-15-2018
43206 400000 6.5 30 4-16-2018
43207 400000 6.5 30 4-17-2018
43208 400000 6.5 30 4-18-2018
43209 400000 6.5 30 4-19-2018
43210 400000 6.5 30 4-20-2018
43211 400000 6.5 30 4-21-2018
43212 400000 6.5 30 4-22-2018
43213 400000 6.5 30 4-23-2018
43214 400000 6.5 30 4-24-2018
43215 400000 6.5 30 4-25-2018
43216 400000 6.5 30 4-26-2018
43217 400000 6.5 30 4-27-2018
43218 400000 6.5 30 4-28-2018
43219 400000 6.5 30 4-29-2018
43220 400000 6.5 30 4-30-2018
43221 400000 6.5 30 5-1-2018
43222 400000 6.5 30 5-2-2018
43223 400000 6.5 30 5-3-2018
43224 400000 6.5 30 5-4-2018
43225 400000 6.5 30 5-5-2018
43226 400000 6.5 30 5-6-2018
43227 400000 6.5 30 5-7-2018
43228 400000 6.5 30 5-8-2018
43229 400000 6.5 30 5-9-2018
43230 400000 6.5 30 5-10-2018
43231 400000 6.5 30 5-11-2018
43232 400000 6.5 30 5-12-2018
43233 400000 6.5 30 5-13-2018
43234 400000 6.5 30 5-14-2018
43235 400000 6.5 30 5-15-2018
43236 400000 6.5 30 5-16-2018
43237 400000 6.5 30 5-17-2018
43238 400000 6.5 30 5-18-2018
43239 400000 6.5 30 5-19-2018
43240 400000 6.5 30 5-20-2018
43241 400000 6.5 30 5-21-2018
43242 400000 6.5 30 5-22-2018
43243 400000 6.5 30 5-23-2018
43244 400000 6.5 30 5-24-2018
43245 400000 6.5 30 5-25-2018
43246 400000 6.5 30 5-26-2018
43247 400000 6.5 30 5-27-2018
43248 400000 6.5 30 5-28-2018
43249 400000 6.5 30 5-29-2018
43250 400000 6.5 30 5-30-2018
43251 400000 6.5 30 5-31-2018
43252 400000 6.5 30 6-1-2018
43253 400000 6.5 30 6-2-2018
43254 400000 6.5 30 6-3-2018
43255 400000 6.5 30 6-4-2018
43256 400000 6.5 30 6-5-2018
43257 400000 6.5 30 6-6-2018
43258 400000 6.5 30 6-7-2018
43259 400000 6.5 30 6-8-2018
43260 400000 6.5 30 6-9-2018
43261 400000 6.5 30 6-10-2018
43262 400000 6.5 30 6-11-2018
43263 400000 6.5 30 6-12-2018
43264 400000 6.5 30 6-13-2018
43265 400000 6.5 30 6-14-2018
43266 400000 6.5 30 6-15-2018
43267 400000 6.5 30 6-16-2018
43268 400000 6.5 30 6-17-2018
43269 400000 6.5 30 6-18-2018
43270 400000 6.5 30 6-19-2018
43271 400000 6.5 30 6-20-2018
43272 400000 6.5 30 6-21-2018
43273 400000 6.5 30 6-22-2018
43274 400000 6.5 30 6-23-2018
43275 400000 6.5 30 6-24-2018
43276 400000 6.5 30 6-25-2018
43277 400000 6.5 30 6-26-2018
43278 400000 6.5 30 6-27-2018
43279 400000 6.5 30 6-28-2018
43280 400000 6.5 30 6-29-2018
43281 400000 6.5 30 6-30-2018
43282 400000 6.5 30 7-1-2018
43283 400000 6.5 30 7-2-2018
43284 400000 6.5 30 7-3-2018
43285 400000 6.5 30 7-4-2018
43286 400000 6.5 30 7-5-2018
43287 400000 6.5 30 7-6-2018
43288 400000 6.5 30 7-7-2018
43289 400000 6.5 30 7-8-2018
43290 400000 6.5 30 7-9-2018
43291 400000 6.5 30 7-10-2018
43292 400000 6.5 30 7-11-2018
43293 400000 6.5 30 7-12-2018
43294 400000 6.5 30 7-13-2018
43295 400000 6.5 30 7-14-2018
43296 400000 6.5 30 7-15-2018
43297 400000 6.5 30 7-16-2018
43298 400000 6.5 30 7-17-2018
43299 400000 6.5 30 7-18-2018
43300 400000 6.5 30 7-19-2018
43301 400000 6.5 30 7-20-2018
43302 400000 6.5 30 7-21-2018
43303 400000 6.5 30 7-22-2018
43304 400000 6.5 30 7-23-2018
43305 400000 6.5 30 7-24-2018
43306 400000 6.5 30 7-25-2018
43307 400000 6.5 30 7-26-2018
43308 400000 6.5 30 7-27-2018
43309 400000 6.5 30 7-28-2018
43310 400000 6.5 30 7-29-2018
43311 400000 6.5 30 7-30-2018
43312 400000 6.5 30 7-31-2018
43313 400000 6.5 30 8-1-2018
43314 400000 6.5 30 8-2-2018
43315 400000 6.5 30 8-3-2018
43316 400000 6.5 30 8-4-2018
43317 400000 6.5 30 8-5-2018
43318 400000 6.5 30 8-6-2018
43319 400000 6.5 30 8-7-2018
43320 400000 6.5 30 8-8-2018
43321 400000 6.5 30 8-9-2018
43322 400000 6.5 30 8-10-2018
43323 400000 6.5 30 8-11-2018
43324 400000 6.5 30 8-12-2018
43325 400000 6.5 30 8-13-2018
43326 400000 6.5 30 8-14-2018
43327 400000 6.5 30 8-15-2018
43328 400000 6.5 30 8-16-2018
43329 400000 6.5 30 8-17-2018
43330 400000 6.5 30 8-18-2018
43331 400000 6.5 30 8-19-2018
43332 400000 6.5 30 8-20-2018
43333 400000 6.5 30 8-21-2018
43334 400000 6.5 30 8-22-2018
43335 400000 6.5 30 8-23-2018
43336 400000 6.5 30 8-24-2018
43337 400000 6.5 30 8-25-2018
43338 400000 6.5 30 8-26-2018
43339 400000 6.5 30 8-27-2018
43340 400000 6.5 30 8-28-2018
43341 400000 6.5 30 8-29-2018
43342 400000 6.5 30 8-30-2018
43343 400000 6.5 30 8-31-2018
43344 400000 6.5 30 9-1-2018
43345 400000 6.5 30 9-2-2018
43346 400000 6.5 30 9-3-2018
43347 400000 6.5 30 9-4-2018
43348 400000 6.5 30 9-5-2018
43349 400000 6.5 30 9-6-2018
43350 400000 6.5 30 9-7-2018
43351 400000 6.5 30 9-8-2018
43352 400000 6.5 30 9-9-2018
43353 400000 6.5 30 9-10-2018
43354 400000 6.5 30 9-11-2018
43355 400000 6.5 30 9-12-2018
43356 400000 6.5 30 9-13-2018
43357 400000 6.5 30 9-14-2018
43358 400000 6.5 30 9-15-2018
43359 400000 6.5 30 9-16-2018
43360 400000 6.5 30 9-17-2018
43361 400000 6.5 30 9-18-2018
43362 400000 6.5 30 9-19-2018
43363 400000 6.5 30 9-20-2018
43364 400000 6.5 30 9-21-2018
43365 400000 6.5 30 9-22-2018
43366 400000 6.5 30 9-23-2018
43367 400000 6.5 30 9-24-2018
43368 400000 6.5 30 9-25-2018
43369 400000 6.5 30 9-26-2018
43370 400000 6.5 30 9-27-2018
43371 400000 6.5 30 9-28-2018
43372 400000 6.5 30 9-29-2018
43373 400000 6.5 30 9-30-2018
43374 400000 6.5 30 10-1-2018
43375 400000 6.5 30 10-2-2018
43376 400000 6.5 30 10-3-2018
43377 400000 6.5 30 10-4-2018
43378 400000 6.5 30 10-5-2018
43379 400000 6.5 30 10-6-2018
43380 400000 6.5 30 10-7-2018
43381 400000 6.5 30 10-8-2018
43382 400000 6.5 30 10-9-2018
43383 400000 6.5 30 10-10-2018
43384 400000 6.5 30 10-11-2018
43385 400000 6.5 30 10-12-2018
43386 400000 6.5 30 10-13-2018
43387 400000 6.5 30 10-14-2018
43388 400000 6.5 30 10-15-2018
43389 400000 6.5 30 10-16-2018
43390 400000 6.5 30 10-17-2018
43391 400000 6.5 30 10-18-2018
43392 400000 6.5 30 10-19-2018
43393 400000 6.5 30 10-20-2018
43394 400000 6.5 30 10-21-2018
43395 400000 6.5 30 10-22-2018
43396 400000 6.5 30 10-23-2018
43397 400000 6.5 30 10-24-2018
43398 400000 6.5 30 10-25-2018
43399 400000 6.5 30 10-26-2018
43400 400000 6.5 30 10-27-2018
43401 400000 6.5 30 10-28-2018
43402 400000 6.5 30 10-29-2018
43403 400000 6.5 30 10-30-2018
43404 400000 6.5 30 10-31-2018
43405 400000 6.5 30 11-1-2018
43406 400000 6.5 30 11-2-2018
43407 400000 6.5 30 11-3-2018
43408 400000 6.5 30 11-4-2018
43409 400000 6.5 30 11-5-2018
43410 400000 6.5 30 11-6-2018
43411 400000 6.5 30 11-7-2018
43412 400000 6.5 30 11-8-2018
43413 400000 6.5 30 11-9-2018
43414 400000 6.5 30 11-10-2018
43415 400000 6.5 30 11-11-2018
43416 400000 6.5 30 11-12-2018
43417 400000 6.5 30 11-13-2018
43418 400000 6.5 30 11-14-2018
43419 400000 6.5 30 11-15-2018
43420 400000 6.5 30 11-16-2018
43421 400000 6.5 30 11-17-2018
43422 400000 6.5 30 11-18-2018
43423 400000 6.5 30 11-19-2018
43424 400000 6.5 30 11-20-2018
43425 400000 6.5 30 11-21-2018
43426 400000 6.5 30 11-22-2018
43427 400000 6.5 30 11-23-2018
43428 400000 6.5 30 11-24-2018
43429 400000 6.5 30 11-25-2018
43430 400000 6.5 30 11-26-2018
43431 400000 6.5 30 11-27-2018
43432 400000 6.5 30 11-28-2018
43433 400000 6.5 30 11-29-2018
43434 400000 6.5 30 11-30-2018
43435 400000 6.5 30 12-1-2018
43436 400000 6.5 30 12-2-2018
43437 400000 6.5 30 12-3-2018
43438 400000 6.5 30 12-4-2018
43439 400000 6.5 30 12-5-2018
43440 400000 6.5 30 12-6-2018
43441 400000 6.5 30 12-7-2018
43442 400000 6.5 30 12-8-2018
43443 400000 6.5 30 12-9-2018
43444 400000 6.5 30 12-10-2018
43445 400000 6.5 30 12-11-2018
43446 400000 6.5 30 12-12-2018
43447 400000 6.5 30 12-13-2018
43448 400000 6.5 30 12-14-2018
43449 400000 6.5 30 12-15-2018
43450 400000 6.5 30 12-16-2018
43451 400000 6.5 30 12-17-2018
43452 400000 6.5 30 12-18-2018
43453 400000 6.5 30 12-19-2018
43454 400000 6.5 30 12-20-2018
43455 400000 6.5 30 12-21-2018
43456 400000 6.5 30 12-22-2018
43457 400000 6.5 30 12-23-2018
43458 400000 6.5 30 12-24-2018
43459 400000 6.5 30 12-25-2018
43460 400000 6.5 30 12-26-2018
43461 400000 6.5 30 12-27-2018
43462 400000 6.5 30 12-28-2018
43463 400000 6.5 30 12-29-2018
43464 400000 6.5 30 12-30-2018
43465 400000 6.5 30 12-31-2018
43466 400000 6.5 30 1-1-2019
43467 400000 6.5 30 1-2-2019
43468 400000 6.5 30 1-3-2019
43469 400000 6.5 30 1-4-2019
43470 400000 6.5 30 1-5-2019
43471 400000 6.5 30 1-6-2019
43472 400000 6.5 30 1-7-2019
43473 400000 6.5 30 1-8-2019
43474 400000 6.5 30 1-9-2019
43475 400000 6.5 30 1-10-2019
43476 400000 6.5 30 1-11-2019
43477 400000 6.5 30 1-12-2019
43478 400000 6.5 30 1-13-2019
43479 400000 6.5 30 1-14-2019
43480 400000 6.5 30 1-15-2019
43481 400000 6.5 30 1-16-2019
43482 400000 6.5 30 1-17-2019
43483 400000 6.5 30 1-18-2019
43484 400000 6.5 30 1-19-2019
43485 400000 6.5 30 1-20-2019
43486 400000 6.5 30 1-21-2019
43487 400000 6.5 30 1-22-2019
43488 400000 6.5 30 1-23-2019
43489 400000 6.5 30 1-24-2019
43490 400000 6.5 30 1-25-2019
43491 400000 6.5 30 1-26-2019
43492 400000 6.5 30 1-27-2019
43493 400000 6.5 30 1-28-2019
43494 400000 6.5 30 1-29-2019
43495 400000 6.5 30 1-30-2019
43496 400000 6.5 30 1-31-2019
43497 400000 6.5 30 2-1-2019
43498 400000 6.5 30 2-2-2019
43499 400000 6.5 30 2-3-2019
43500 400000 6.5 30 2-4-2019
43501 400000 6.5 30 2-5-2019
43502 400000 6.5 30 2-6-2019
43503 400000 6.5 30 2-7-2019
43504 400000 6.5 30 2-8-2019
43505 400000 6.5 30 2-9-2019
43506 400000 6.5 30 2-10-2019
43507 400000 6.5 30 2-11-2019
43508 400000 6.5 30 2-12-2019
43509 400000 6.5 30 2-13-2019
43510 400000 6.5 30 2-14-2019
43511 400000 6.5 30 2-15-2019
43512 400000 6.5 30 2-16-2019
43513 400000 6.5 30 2-17-2019
43514 400000 6.5 30 2-18-2019
43515 400000 6.5 30 2-19-2019
43516 400000 6.5 30 2-20-2019
43517 400000 6.5 30 2-21-2019
43518 400000 6.5 30 2-22-2019
43519 400000 6.5 30 2-23-2019
43520 400000 6.5 30 2-24-2019
43521 400000 6.5 30 2-25-2019
43522 400000 6.5 30 2-26-2019
43523 400000 6.5 30 2-27-2019
43524 400000 6.5 30 2-28-2019
43525 400000 6.5 30 3-1-2019
43526 400000 6.5 30 3-2-2019
43527 400000 6.5 30 3-3-2019
43528 400000 6.5 30 3-4-2019
43529 400000 6.5 30 3-5-2019
43530 400000 6.5 30 3-6-2019
43531 400000 6.5 30 3-7-2019
43532 400000 6.5 30 3-8-2019
43533 400000 6.5 30 3-9-2019
43534 400000 6.5 30 3-10-2019
43535 400000 6.5 30 3-11-2019
43536 400000 6.5 30 3-12-2019
43537 400000 6.5 30 3-13-2019
43538 400000 6.5 30 3-14-2019
43539 400000 6.5 30 3-15-2019
43540 400000 6.5 30 3-16-2019
43541 400000 6.5 30 3-17-2019
43542 400000 6.5 30 3-18-2019
43543 400000 6.5 30 3-19-2019
43544 400000 6.5 30 3-20-2019
43545 400000 6.5 30 3-21-2019
43546 400000 6.5 30 3-22-2019
43547 400000 6.5 30 3-23-2019
43548 400000 6.5 30 3-24-2019
43549 400000 6.5 30 3-25-2019
43550 400000 6.5 30 3-26-2019
43551 400000 6.5 30 3-27-2019
43552 400000 6.5 30 3-28-2019
43553 400000 6.5 30 3-29-2019
43554 400000 6.5 30 3-30-2019
43555 400000 6.5 30 3-31-2019
43556 400000 6.5 30 4-1-2019
43557 400000 6.5 30 4-2-2019
43558 400000 6.5 30 4-3-2019
43559 400000 6.5 30 4-4-2019
43560 400000 6.5 30 4-5-2019
43561 400000 6.5 30 4-6-2019
43562 400000 6.5 30 4-7-2019
43563 400000 6.5 30 4-8-2019
43564 400000 6.5 30 4-9-2019
43565 400000 6.5 30 4-10-2019
43566 400000 6.5 30 4-11-2019
43567 400000 6.5 30 4-12-2019
43568 400000 6.5 30 4-13-2019
43569 400000 6.5 30 4-14-2019
43570 400000 6.5 30 4-15-2019
43571 400000 6.5 30 4-16-2019
43572 400000 6.5 30 4-17-2019
43573 400000 6.5 30 4-18-2019
43574 400000 6.5 30 4-19-2019
43575 400000 6.5 30 4-20-2019
43576 400000 6.5 30 4-21-2019
43577 400000 6.5 30 4-22-2019
43578 400000 6.5 30 4-23-2019
43579 400000 6.5 30 4-24-2019
43580 400000 6.5 30 4-25-2019
43581 400000 6.5 30 4-26-2019
43582 400000 6.5 30 4-27-2019
43583 400000 6.5 30 4-28-2019
43584 400000 6.5 30 4-29-2019
43585 400000 6.5 30 4-30-2019
43586 400000 6.5 30 5-1-2019
43587 400000 6.5 30 5-2-2019
43588 400000 6.5 30 5-3-2019
43589 400000 6.5 30 5-4-2019
43590 400000 6.5 30 5-5-2019
43591 400000 6.5 30 5-6-2019
43592 400000 6.5 30 5-7-2019
43593 400000 6.5 30 5-8-2019
43594 400000 6.5 30 5-9-2019
43595 400000 6.5 30 5-10-2019
43596 400000 6.5 30 5-11-2019
43597 400000 6.5 30 5-12-2019
43598 400000 6.5 30 5-13-2019
43599 400000 6.5 30 5-14-2019
43600 400000 6.5 30 5-15-2019
43601 400000 6.5 30 5-16-2019
43602 400000 6.5 30 5-17-2019
43603 400000 6.5 30 5-18-2019
43604 400000 6.5 30 5-19-2019
43605 400000 6.5 30 5-20-2019
43606 400000 6.5 30 5-21-2019
43607 400000 6.5 30 5-22-2019
43608 400000 6.5 30 5-23-2019
43609 400000 6.5 30 5-24-2019
43610 400000 6.5 30 5-25-2019
43611 400000 6.5 30 5-26-2019
43612 400000 6.5 30 5-27-2019
43613 400000 6.5 30 5-28-2019
43614 400000 6.5 30 5-29-2019
43615 400000 6.5 30 5-30-2019
43616 400000 6.5 30 5-31-2019
43617 400000 6.5 30 6-1-2019
43618 400000 6.5 30 6-2-2019
43619 400000 6.5 30 6-3-2019
43620 400000 6.5 30 6-4-2019
43621 400000 6.5 30 6-5-2019
43622 400000 6.5 30 6-6-2019
43623 400000 6.5 30 6-7-2019
43624 400000 6.5 30 6-8-2019
43625 400000 6.5 30 6-9-2019
43626 400000 6.5 30 6-10-2019
43627 400000 6.5 30 6-11-2019
43628 400000 6.5 30 6-12-2019
43629 400000 6.5 30 6-13-2019
43630 400000 6.5 30 6-14-2019
43631 400000 6.5 30 6-15-2019
43632 400000 6.5 30 6-16-2019
43633 400000 6.5 30 6-17-2019
43634 400000 6.5 30 6-18-2019
43635 400000 6.5 30 6-19-2019
43636 400000 6.5 30 6-20-2019
43637 400000 6.5 30 6-21-2019
43638 400000 6.5 30 6-22-2019
43639 400000 6.5 30 6-23-2019
43640 400000 6.5 30 6-24-2019
43641 400000 6.5 30 6-25-2019
43642 400000 6.5 30 6-26-2019
43643 400000 6.5 30 6-27-2019
43644 400000 6.5 30 6-28-2019
43645 400000 6.5 30 6-29-2019
43646 400000 6.5 30 6-30-2019
43647 400000 6.5 30 7-1-2019
43648 400000 6.5 30 7-2-2019
43649 400000 6.5 30 7-3-2019
43650 400000 6.5 30 7-4-2019
43651 400000 6.5 30 7-5-2019
43652 400000 6.5 30 7-6-2019
43653 400000 6.5 30 7-7-2019
43654 400000 6.5 30 7-8-2019
43655 400000 6.5 30 7-9-2019
43656 400000 6.5 30 7-10-2019
43657 400000 6.5 30 7-11-2019
43658 400000 6.5 30 7-12-2019
43659 400000 6.5 30 7-13-2019
43660 400000 6.5 30 7-14-2019
43661 400000 6.5 30 7-15-2019
43662 400000 6.5 30 7-16-2019
43663 400000 6.5 30 7-17-2019
43664 400000 6.5 30 7-18-2019
43665 400000 6.5 30 7-19-2019
43666 400000 6.5 30 7-20-2019
43667 400000 6.5 30 7-21-2019
43668 400000 6.5 30 7-22-2019
43669 400000 6.5 30 7-23-2019
43670 400000 6.5 30 7-24-2019
43671 400000 6.5 30 7-25-2019
43672 400000 6.5 30 7-26-2019
43673 400000 6.5 30 7-27-2019
43674 400000 6.5 30 7-28-2019
43675 400000 6.5 30 7-29-2019
43676 400000 6.5 30 7-30-2019
43677 400000 6.5 30 7-31-2019
43678 400000 6.5 30 8-1-2019
43679 400000 6.5 30 8-2-2019
43680 400000 6.5 30 8-3-2019
43681 400000 6.5 30 8-4-2019
43682 400000 6.5 30 8-5-2019
43683 400000 6.5 30 8-6-2019
43684 400000 6.5 30 8-7-2019
43685 400000 6.5 30 8-8-2019
43686 400000 6.5 30 8-9-2019
43687 400000 6.5 30 8-10-2019
43688 400000 6.5 30 8-11-2019
43689 400000 6.5 30 8-12-2019
43690 400000 6.5 30 8-13-2019
43691 400000 6.5 30 8-14-2019
43692 400000 6.5 30 8-15-2019
43693 400000 6.5 30 8-16-2019
43694 400000 6.5 30 8-17-2019
43695 400000 6.5 30 8-18-2019
43696 400000 6.5 30 8-19-2019
43697 400000 6.5 30 8-20-2019
43698 400000 6.5 30 8-21-2019
43699 400000 6.5 30 8-22-2019
43700 400000 6.5 30 8-23-2019
43701 400000 6.5 30 8-24-2019
43702 400000 6.5 30 8-25-2019
43703 400000 6.5 30 8-26-2019
43704 400000 6.5 30 8-27-2019
43705 400000 6.5 30 8-28-2019
43706 400000 6.5 30 8-29-2019
43707 400000 6.5 30 8-30-2019
43708 400000 6.5 30 8-31-2019
43709 400000 6.5 30 9-1-2019
43710 400000 6.5 30 9-2-2019
43711 400000 6.5 30 9-3-2019
43712 400000 6.5 30 9-4-2019
43713 400000 6.5 30 9-5-2019
43714 400000 6.5 30 9-6-2019
43715 400000 6.5 30 9-7-2019
43716 400000 6.5 30 9-8-2019
43717 400000 6.5 30 9-9-2019
43718 400000 6.5 30 9-10-2019
43719 400000 6.5 30 9-11-2019
43720 400000 6.5 30 9-12-2019
43721 400000 6.5 30 9-13-2019
43722 400000 6.5 30 9-14-2019
43723 400000 6.5 30 9-15-2019
43724 400000 6.5 30 9-16-2019
43725 400000 6.5 30 9-17-2019
43726 400000 6.5 30 9-18-2019
43727 400000 6.5 30 9-19-2019
43728 400000 6.5 30 9-20-2019
43729 400000 6.5 30 9-21-2019
43730 400000 6.5 30 9-22-2019
43731 400000 6.5 30 9-23-2019
43732 400000 6.5 30 9-24-2019
43733 400000 6.5 30 9-25-2019
43734 400000 6.5 30 9-26-2019
43735 400000 6.5 30 9-27-2019
43736 400000 6.5 30 9-28-2019
43737 400000 6.5 30 9-29-2019
43738 400000 6.5 30 9-30-2019
43739 400000 6.5 30 10-1-2019
43740 400000 6.5 30 10-2-2019
43741 400000 6.5 30 10-3-2019
43742 400000 6.5 30 10-4-2019
43743 400000 6.5 30 10-5-2019
43744 400000 6.5 30 10-6-2019
43745 400000 6.5 30 10-7-2019
43746 400000 6.5 30 10-8-2019
43747 400000 6.5 30 10-9-2019
43748 400000 6.5 30 10-10-2019
43749 400000 6.5 30 10-11-2019
43750 400000 6.5 30 10-12-2019
43751 400000 6.5 30 10-13-2019
43752 400000 6.5 30 10-14-2019
43753 400000 6.5 30 10-15-2019
43754 400000 6.5 30 10-16-2019
43755 400000 6.5 30 10-17-2019
43756 400000 6.5 30 10-18-2019
43757 400000 6.5 30 10-19-2019
43758 400000 6.5 30 10-20-2019
43759 400000 6.5 30 10-21-2019
43760 400000 6.5 30 10-22-2019
43761 400000 6.5 30 10-23-2019
43762 400000 6.5 30 10-24-2019
43763 400000 6.5 30 10-25-2019
43764 400000 6.5 30 10-26-2019
43765 400000 6.5 30 10-27-2019
43766 400000 6.5 30 10-28-2019
43767 400000 6.5 30 10-29-2019
43768 400000 6.5 30 10-30-2019
43769 400000 6.5 30 10-31-2019
43770 400000 6.5 30 11-1-2019
43771 400000 6.5 30 11-2-2019
43772 400000 6.5 30 11-3-2019
43773 400000 6.5 30 11-4-2019
43774 400000 6.5 30 11-5-2019
43775 400000 6.5 30 11-6-2019
43776 400000 6.5 30 11-7-2019
43777 400000 6.5 30 11-8-2019
43778 400000 6.5 30 11-9-2019
43779 400000 6.5 30 11-10-2019
43780 400000 6.5 30 11-11-2019
43781 400000 6.5 30 11-12-2019
43782 400000 6.5 30 11-13-2019
43783 400000 6.5 30 11-14-2019
43784 400000 6.5 30 11-15-2019
43785 400000 6.5 30 11-16-2019
43786 400000 6.5 30 11-17-2019
43787 400000 6.5 30 11-18-2019
43788 400000 6.5 30 11-19-2019
43789 400000 6.5 30 11-20-2019
43790 400000 6.5 30 11-21-2019
43791 400000 6.5 30 11-22-2019
43792 400000 6.5 30 11-23-2019
43793 400000 6.5 30 11-24-2019
43794 400000 6.5 30 11-25-2019
43795 400000 6.5 30 11-26-2019
43796 400000 6.5 30 11-27-2019
43797 400000 6.5 30 11-28-2019
43798 400000 6.5 30 11-29-2019
43799 400000 6.5 30 11-30-2019
43800 400000 6.5 30 12-1-2019
43801 400000 6.5 30 12-2-2019
43802 400000 6.5 30 12-3-2019
43803 400000 6.5 30 12-4-2019
43804 400000 6.5 30 12-5-2019
43805 400000 6.5 30 12-6-2019
43806 400000 6.5 30 12-7-2019
43807 400000 6.5 30 12-8-2019
43808 400000 6.5 30 12-9-2019
43809 400000 6.5 30 12-10-2019
43810 400000 6.5 30 12-11-2019
43811 400000 6.5 30 12-12-2019
43812 400000 6.5 30 12-13-2019
43813 400000 6.5 30 12-14-2019
43814 400000 6.5 30 12-15-2019
43815 400000 6.5 30 12-16-2019
43816 400000 6.5 30 12-17-2019
43817 400000 6.5 30 12-18-2019
43818 400000 6.5 30 12-19-2019
43819 400000 6.5 30 12-20-2019
43820 400000 6.5 30 12-21-2019
43821 400000 6.5 30 12-22-2019
43822 400000 6.5 30 12-23-2019
43823 400000 6.5 30 12-24-2019
43824 400000 6.5 30 12-25-2019
43825 400000 6.5 30 12-26-2019
43826 400000 6.5 30 12-27-2019
43827 400000 6.5 30 12-28-2019
43828 400000 6.5 30 12-29-2019
43829 400000 6.5 30 12-30-2019
43830 400000 6.5 30 12-31-2019
43831 400000 6.5 30 1-1-2020
43832 400000 6.5 30 1-2-2020
43833 400000 6.5 30 1-3-2020
43834 400000 6.5 30 1-4-2020
43835 400000 6.5 30 1-5-2020
43836 400000 6.5 30 1-6-2020
43837 400000 6.5 30 1-7-2020
43838 400000 6.5 30 1-8-2020
43839 400000 6.5 30 1-9-2020
43840 400000 6.5 30 1-10-2020
43841 400000 6.5 30 1-11-2020
43842 400000 6.5 30 1-12-2020
43843 400000 6.5 30 1-13-2020
43844 400000 6.5 30 1-14-2020
43845 400000 6.5 30 1-15-2020
43846 400000 6.5 30 1-16-2020
43847 400000 6.5 30 1-17-2020
43848 400000 6.5 30 1-18-2020
43849 400000 6.5 30 1-19-2020
43850 400000 6.5 30 1-20-2020
43851 400000 6.5 30 1-21-2020
43852 400000 6.5 30 1-22-2020
43853 400000 6.5 30 1-23-2020
43854 400000 6.5 30 1-24-2020
43855 400000 6.5 30 1-25-2020
43856 400000 6.5 30 1-26-2020
43857 400000 6.5 30 1-27-2020
43858 400000 6.5 30 1-28-2020
43859 400000 6.5 30 1-29-2020
43860 400000 6.5 30 1-30-2020
43861 400000 6.5 30 1-31-2020
43862 400000 6.5 30 2-1-2020
43863 400000 6.5 30 2-2-2020
43864 400000 6.5 30 2-3-2020
43865 400000 6.5 30 2-4-2020
43866 400000 6.5 30 2-5-2020
43867 400000 6.5 30 2-6-2020
43868 400000 6.5 30 2-7-2020
43869 400000 6.5 30 2-8-2020
43870 400000 6.5 30 2-9-2020
43871 400000 6.5 30 2-10-2020
43872 400000 6.5 30 2-11-2020
43873 400000 6.5 30 2-12-2020
43874 400000 6.5 30 2-13-2020
43875 400000 6.5 30 2-14-2020
43876 400000 6.5 30 2-15-2020
43877 400000 6.5 30 2-16-2020
43878 400000 6.5 30 2-17-2020
43879 400000 6.5 30 2-18-2020
43880 400000 6.5 30 2-19-2020
43881 400000 6.5 30 2-20-2020
43882 400000 6.5 30 2-21-2020
43883 400000 6.5 30 2-22-2020
43884 400000 6.5 30 2-23-2020
43885 400000 6.5 30 2-24-2020
43886 400000 6.5 30 2-25-2020
43887 400000 6.5 30 2-26-2020
43888 400000 6.5 30 2-27-2020
43889 400000 6.5 30 2-28-2020
43890 400000 6.5 30 2-29-2020
43891 400000 6.5 30 3-1-2020
43892 400000 6.5 30 3-2-2020
43893 400000 6.5 30 3-3-2020
43894 400000 6.5 30 3-4-2020
43895 400000 6.5 30 3-5-2020
43896 400000 6.5 30 3-6-2020
43897 400000 6.5 30 3-7-2020
43898 400000 6.5 30 3-8-2020
43899 400000 6.5 30 3-9-2020
43900 400000 6.5 30 3-10-2020
43901 400000 6.5 30 3-11-2020
43902 400000 6.5 30 3-12-2020
43903 400000 6.5 30 3-13-2020
43904 400000 6.5 30 3-14-2020
43905 400000 6.5 30 3-15-2020
43906 400000 6.5 30 3-16-2020
43907 400000 6.5 30 3-17-2020
43908 400000 6.5 30 3-18-2020
43909 400000 6.5 30 3-19-2020
43910 400000 6.5 30 3-20-2020
43911 400000 6.5 30 3-21-2020
43912 400000 6.5 30 3-22-2020
43913 400000 6.5 30 3-23-2020
43914 400000 6.5 30 3-24-2020
43915 400000 6.5 30 3-25-2020
43916 400000 6.5 30 3-26-2020
43917 400000 6.5 30 3-27-2020
43918 400000 6.5 30 3-28-2020
43919 400000 6.5 30 3-29-2020
43920 400000 6.5 30 3-30-2020
43921 400000 6.5 30 3-31-2020
43922 400000 6.5 30 4-1-2020
43923 400000 6.5 30 4-2-2020
43924 400000 6.5 30 4-3-2020
43925 400000 6.5 30 4-4-2020
43926 400000 6.5 30 4-5-2020
43927 400000 6.5 30 4-6-2020
43928 400000 6.5 30 4-7-2020
43929 400000 6.5 30 4-8-2020
43930 400000 6.5 30 4-9-2020
43931 400000 6.5 30 4-10-2020
43932 400000 6.5 30 4-11-2020
43933 400000 6.5 30 4-12-2020
43934 400000 6.5 30 4-13-2020
43935 400000 6.5 30 4-14-2020
43936 400000 6.5 30 4-15-2020
43937 400000 6.5 30 4-16-2020
43938 400000 6.5 30 4-17-2020
43939 400000 6.5 30 4-18-2020
43940 400000 6.5 30 4-19-2020
43941 400000 6.5 30 4-20-2020
43942 400000 6.5 30 4-21-2020
43943 400000 6.5 30 4-22-2020
43944 400000 6.5 30 4-23-2020
43945 400000 6.5 30 4-24-2020
43946 400000 6.5 30 4-25-2020
43947 400000 6.5 30 4-26-2020
43948 400000 6.5 30 4-27-2020
43949 400000 6.5 30 4-28-2020
43950 400000 6.5 30 4-29-2020
43951 400000 6.5 30 4-30-2020
43952 400000 6.5 30 5-1-2020
43953 400000 6.5 30 5-2-2020
43954 400000 6.5 30 5-3-2020
43955 400000 6.5 30 5-4-2020
43956 400000 6.5 30 5-5-2020
43957 400000 6.5 30 5-6-2020
43958 400000 6.5 30 5-7-2020
43959 400000 6.5 30 5-8-2020
43960 400000 6.5 30 5-9-2020
43961 400000 6.5 30 5-10-2020
43962 400000 6.5 30 5-11-2020
43963 400000 6.5 30 5-12-2020
43964 400000 6.5 30 5-13-2020
43965 400000 6.5 30 5-14-2020
43966 400000 6.5 30 5-15-2020
43967 400000 6.5 30 5-16-2020
43968 400000 6.5 30 5-17-2020
43969 400000 6.5 30 5-18-2020
43970 400000 6.5 30 5-19-2020
43971 400000 6.5 30 5-20-2020
43972 400000 6.5 30 5-21-2020
43973 400000 6.5 30 5-22-2020
43974 400000 6.5 30 5-23-2020
43975 400000 6.5 30 5-24-2020
43976 400000 6.5 30 5-25-2020
43977 400000 6.5 30 5-26-2020
43978 400000 6.5 30 5-27-2020
43979 400000 6.5 30 5-28-2020
43980 400000 6.5 30 5-29-2020
43981 400000 6.5 30 5-30-2020
43982 400000 6.5 30 5-31-2020
43983 400000 6.5 30 6-1-2020
43984 400000 6.5 30 6-2-2020
43985 400000 6.5 30 6-3-2020
43986 400000 6.5 30 6-4-2020
43987 400000 6.5 30 6-5-2020
43988 400000 6.5 30 6-6-2020
43989 400000 6.5 30 6-7-2020
43990 400000 6.5 30 6-8-2020
43991 400000 6.5 30 6-9-2020
43992 400000 6.5 30 6-10-2020
43993 400000 6.5 30 6-11-2020
43994 400000 6.5 30 6-12-2020
43995 400000 6.5 30 6-13-2020
43996 400000 6.5 30 6-14-2020
43997 400000 6.5 30 6-15-2020
43998 400000 6.5 30 6-16-2020
43999 400000 6.5 30 6-17-2020
44000 400000 6.5 30 6-18-2020
44001 400000 6.5 30 6-19-2020
44002 400000 6.5 30 6-20-2020
44003 400000 6.5 30 6-21-2020
44004 400000 6.5 30 6-22-2020
44005 400000 6.5 30 6-23-2020
44006 400000 6.5 30 6-24-2020
44007 400000 6.5 30 6-25-2020
44008 400000 6.5 30 6-26-2020
44009 400000 6.5 30 6-27-2020
44010 400000 6.5 30 6-28-2020
44011 400000 6.5 30 6-29-2020
44012 400000 6.5 30 6-30-2020
44013 400000 6.5 30 7-1-2020
44014 400000 6.5 30 7-2-2020
44015 400000 6.5 30 7-3-2020
44016 400000 6.5 30 7-4-2020
44017 400000 6.5 30 7-5-2020
44018 400000 6.5 30 7-6-2020
44019 400000 6.5 30 7-7-2020
44020 400000 6.5 30 7-8-2020
44021 400000 6.5 30 7-9-2020
44022 400000 6.5 30 7-10-2020
44023 400000 6.5 30 7-11-2020
44024 400000 6.5 30 7-12-2020
44025 400000 6.5 30 7-13-2020
44026 400000 6.5 30 7-14-2020
44027 400000 6.5 30 7-15-2020
44028 400000 6.5 30 7-16-2020
44029 400000 6.5 30 7-17-2020
44030 400000 6.5 30 7-18-2020
44031 400000 6.5 30 7-19-2020
44032 400000 6.5 30 7-20-2020
44033 400000 6.5 30 7-21-2020
44034 400000 6.5 30 7-22-2020
44035 400000 6.5 30 7-23-2020
44036 400000 6.5 30 7-24-2020
44037 400000 6.5 30 7-25-2020
44038 400000 6.5 30 7-26-2020
44039 400000 6.5 30 7-27-2020
44040 400000 6.5 30 7-28-2020
44041 400000 6.5 30 7-29-2020
44042 400000 6.5 30 7-30-2020
44043 400000 6.5 30 7-31-2020
44044 400000 6.5 30 8-1-2020
44045 400000 6.5 30 8-2-2020
44046 400000 6.5 30 8-3-2020
44047 400000 6.5 30 8-4-2020
44048 400000 6.5 30 8-5-2020
44049 400000 6.5 30 8-6-2020
44050 400000 6.5 30 8-7-2020
44051 400000 6.5 30 8-8-2020
44052 400000 6.5 30 8-9-2020
44053 400000 6.5 30 8-10-2020
44054 400000 6.5 30 8-11-2020
44055 400000 6.5 30 8-12-2020
44056 400000 6.5 30 8-13-2020
44057 400000 6.5 30 8-14-2020
44058 400000 6.5 30 8-15-2020
44059 400000 6.5 30 8-16-2020
44060 400000 6.5 30 8-17-2020
44061 400000 6.5 30 8-18-2020
44062 400000 6.5 30 8-19-2020
44063 400000 6.5 30 8-20-2020
44064 400000 6.5 30 8-21-2020
44065 400000 6.5 30 8-22-2020
44066 400000 6.5 30 8-23-2020
44067 400000 6.5 30 8-24-2020
44068 400000 6.5 30 8-25-2020
44069 400000 6.5 30 8-26-2020
44070 400000 6.5 30 8-27-2020
44071 400000 6.5 30 8-28-2020
44072 400000 6.5 30 8-29-2020
44073 400000 6.5 30 8-30-2020
44074 400000 6.5 30 8-31-2020
44075 400000 6.5 30 9-1-2020
44076 400000 6.5 30 9-2-2020
44077 400000 6.5 30 9-3-2020
44078 400000 6.5 30 9-4-2020
44079 400000 6.5 30 9-5-2020
44080 400000 6.5 30 9-6-2020
44081 400000 6.5 30 9-7-2020
44082 400000 6.5 30 9-8-2020
44083 400000 6.5 30 9-9-2020
44084 400000 6.5 30 9-10-2020
44085 400000 6.5 30 9-11-2020
44086 400000 6.5 30 9-12-2020
44087 400000 6.5 30 9-13-2020
44088 400000 6.5 30 9-14-2020
44089 400000 6.5 30 9-15-2020
44090 400000 6.5 30 9-16-2020
44091 400000 6.5 30 9-17-2020
44092 400000 6.5 30 9-18-2020
44093 400000 6.5 30 9-19-2020
44094 400000 6.5 30 9-20-2020
44095 400000 6.5 30 9-21-2020
44096 400000 6.5 30 9-22-2020
44097 400000 6.5 30 9-23-2020
44098 400000 6.5 30 9-24-2020
44099 400000 6.5 30 9-25-2020
44100 400000 6.5 30 9-26-2020
44101 400000 6.5 30 9-27-2020
44102 400000 6.5 30 9-28-2020
44103 400000 6.5 30 9-29-2020
44104 400000 6.5 30 9-30-2020
44105 400000 6.5 30 10-1-2020
44106 400000 6.5 30 10-2-2020
44107 400000 6.5 30 10-3-2020
44108 400000 6.5 30 10-4-2020
44109 400000 6.5 30 10-5-2020
44110 400000 6.5 30 10-6-2020
44111 400000 6.5 30 10-7-2020
44112 400000 6.5 30 10-8-2020
44113 400000 6.5 30 10-9-2020
44114 400000 6.5 30 10-10-2020
44115 400000 6.5 30 10-11-2020
44116 400000 6.5 30 10-12-2020
44117 400000 6.5 30 10-13-2020
44118 400000 6.5 30 10-14-2020
44119 400000 6.5 30 10-15-2020
44120 400000 6.5 30 10-16-2020
44121 400000 6.5 30 10-17-2020
44122 400000 6.5 30 10-18-2020
44123 400000 6.5 30 10-19-2020
44124 400000 6.5 30 10-20-2020
44125 400000 6.5 30 10-21-2020
44126 400000 6.5 30 10-22-2020
44127 400000 6.5 30 10-23-2020
44128 400000 6.5 30 10-24-2020
44129 400000 6.5 30 10-25-2020
44130 400000 6.5 30 10-26-2020
44131 400000 6.5 30 10-27-2020
44132 400000 6.5 30 10-28-2020
44133 400000 6.5 30 10-29-2020
44134 400000 6.5 30 10-30-2020
44135 400000 6.5 30 10-31-2020
44136 400000 6.5 30 11-1-2020
44137 400000 6.5 30 11-2-2020
44138 400000 6.5 30 11-3-2020
44139 400000 6.5 30 11-4-2020
44140 400000 6.5 30 11-5-2020
44141 400000 6.5 30 11-6-2020
44142 400000 6.5 30 11-7-2020
44143 400000 6.5 30 11-8-2020
44144 400000 6.5 30 11-9-2020
44145 400000 6.5 30 11-10-2020
44146 400000 6.5 30 11-11-2020
44147 400000 6.5 30 11-12-2020
44148 400000 6.5 30 11-13-2020
44149 400000 6.5 30 11-14-2020
44150 400000 6.5 30 11-15-2020
44151 400000 6.5 30 11-16-2020
44152 400000 6.5 30 11-17-2020
44153 400000 6.5 30 11-18-2020
44154 400000 6.5 30 11-19-2020
44155 400000 6.5 30 11-20-2020
44156 400000 6.5 30 11-21-2020
44157 400000 6.5 30 11-22-2020
44158 400000 6.5 30 11-23-2020
44159 400000 6.5 30 11-24-2020
44160 400000 6.5 30 11-25-2020
44161 400000 6.5 30 11-26-2020
44162 400000 6.5 30 11-27-2020
44163 400000 6.5 30 11-28-2020
44164 400000 6.5 30 11-29-2020
44165 400000 6.5 30 11-30-2020
44166 400000 6.5 30 12-1-2020
44167 400000 6.5 30 12-2-2020
44168 400000 6.5 30 12-3-2020
44169 400000 6.5 30 12-4-2020
44170 400000 6.5 30 12-5-2020
44171 400000 6.5 30 12-6-2020
44172 400000 6.5 30 12-7-2020
44173 400000 6.5 30 12-8-2020
44174 400000 6.5 30 12-9-2020
44175 400000 6.5 30 12-10-2020
44176 400000 6.5 30 12-11-2020
44177 400000 6.5 30 12-12-2020
44178 400000 6.5 30 12-13-2020
44179 400000 6.5 30 12-14-2020
44180 400000 6.5 30 12-15-2020
44181 400000 6.5 30 12-16-2020
44182 400000 6.5 30 12-17-2020
44183 400000 6.5 30 12-18-2020
44184 400000 6.5 30 12-19-2020
44185 400000 6.5 30 12-20-2020
44186 400000 6.5 30 12-21-2020
44187 400000 6.5 30 12-22-2020
44188 400000 6.5 30 12-23-2020
44189 400000 6.5 30 12-24-2020
44190 400000 6.5 30 12-25-2020
44191 400000 6.5 30 12-26-2020
44192 400000 6.5 30 12-27-2020
44193 400000 6.5 30 12-28-2020
44194 400000 6.5 30 12-29-2020
44195 400000 6.5 30 12-30-2020
44196 400000 6.5 30 12-31-2020
44197 400000 6.5 30 1-1-2021
44198 400000 6.5 30 1-2-2021
44199 400000 6.5 30 1-3-2021
44200 400000 6.5 30 1-4-2021
44201 400000 6.5 30 1-5-2021
44202 400000 6.5 30 1-6-2021
44203 400000 6.5 30 1-7-2021
44204 400000 6.5 30 1-8-2021
44205 400000 6.5 30 1-9-2021
44206 400000 6.5 30 1-10-2021
44207 400000 6.5 30 1-11-2021
44208 400000 6.5 30 1-12-2021
44209 400000 6.5 30 1-13-2021
44210 400000 6.5 30 1-14-2021
44211 400000 6.5 30 1-15-2021
44212 400000 6.5 30 1-16-2021
44213 400000 6.5 30 1-17-2021
44214 400000 6.5 30 1-18-2021
44215 400000 6.5 30 1-19-2021
44216 400000 6.5 30 1-20-2021
44217 400000 6.5 30 1-21-2021
44218 400000 6.5 30 1-22-2021
44219 400000 6.5 30 1-23-2021
44220 400000 6.5 30 1-24-2021
44221 400000 6.5 30 1-25-2021
44222 400000 6.5 30 1-26-2021
44223 400000 6.5 30 1-27-2021
44224 400000 6.5 30 1-28-2021
44225 400000 6.5 30 1-29-2021
44226 400000 6.5 30 1-30-2021
44227 400000 6.5 30 1-31-2021
44228 400000 6.5 30 2-1-2021
44229 400000 6.5 30 2-2-2021
44230 400000 6.5 30 2-3-2021
44231 400000 6.5 30 2-4-2021
44232 400000 6.5 30 2-5-2021
44233 400000 6.5 30 2-6-2021
44234 400000 6.5 30 2-7-2021
44235 400000 6.5 30 2-8-2021
44236 400000 6.5 30 2-9-2021
44237 400000 6.5 30 2-10-2021
44238 400000 6.5 30 2-11-2021
44239 400000 6.5 30 2-12-2021
44240 400000 6.5 30 2-13-2021
44241 400000 6.5 30 2-14-2021
44242 400000 6.5 30 2-15-2021
44243 400000 6.5 30 2-16-2021
44244 400000 6.5 30 2-17-2021
44245 400000 6.5 30 2-18-2021
44246 400000 6.5 30 2-19-2021
44247 400000 6.5 30 2-20-2021
44248 400000 6.5 30 2-21-2021
44249 400000 6.5 30 2-22-2021
44250 400000 6.5 30 2-23-2021
44251 400000 6.5 30 2-24-2021
44252 400000 6.5 30 2-25-2021
44253 400000 6.5 30 2-26-2021
44254 400000 6.5 30 2-27-2021
44255 400000 6.5 30 2-28-2021
44256 400000 6.5 30 3-1-2021
44257 400000 6.5 30 3-2-2021
44258 400000 6.5 30 3-3-2021
44259 400000 6.5 30 3-4-2021
44260 400000 6.5 30 3-5-2021
44261 400000 6.5 30 3-6-2021
44262 400000 6.5 30 3-7-2021
44263 400000 6.5 30 3-8-2021
44264 400000 6.5 30 3-9-2021
44265 400000 6.5 30 3-10-2021
44266 400000 6.5 30 3-11-2021
44267 400000 6.5 30 3-12-2021
44268 400000 6.5 30 3-13-2021
44269 400000 6.5 30 3-14-2021
44270 400000 6.5 30 3-15-2021
44271 400000 6.5 30 3-16-2021
44272 400000 6.5 30 3-17-2021
44273 400000 6.5 30 3-18-2021
44274 400000 6.5 30 3-19-2021
44275 400000 6.5 30 3-20-2021
44276 400000 6.5 30 3-21-2021
44277 400000 6.5 30 3-22-2021
44278 400000 6.5 30 3-23-2021
44279 400000 6.5 30 3-24-2021
44280 400000 6.5 30 3-25-2021
44281 400000 6.5 30 3-26-2021
44282 400000 6.5 30 3-27-2021
44283 400000 6.5 30 3-28-2021
44284 400000 6.5 30 3-29-2021
44285 400000 6.5 30 3-30-2021
44286 400000 6.5 30 3-31-2021
44287 400000 6.5 30 4-1-2021
44288 400000 6.5 30 4-2-2021
44289 400000 6.5 30 4-3-2021
44290 400000 6.5 30 4-4-2021
44291 400000 6.5 30 4-5-2021
44292 400000 6.5 30 4-6-2021
44293 400000 6.5 30 4-7-2021
44294 400000 6.5 30 4-8-2021
44295 400000 6.5 30 4-9-2021
44296 400000 6.5 30 4-10-2021
44297 400000 6.5 30 4-11-2021
44298 400000 6.5 30 4-12-2021
44299 400000 6.5 30 4-13-2021
44300 400000 6.5 30 4-14-2021
44301 400000 6.5 30 4-15-2021
44302 400000 6.5 30 4-16-2021
44303 400000 6.5 30 4-17-2021
44304 400000 6.5 30 4-18-2021
44305 400000 6.5 30 4-19-2021
44306 400000 6.5 30 4-20-2021
44307 400000 6.5 30 4-21-2021
44308 400000 6.5 30 4-22-2021
44309 400000 6.5 30 4-23-2021
44310 400000 6.5 30 4-24-2021
44311 400000 6.5 30 4-25-2021
44312 400000 6.5 30 4-26-2021
44313 400000 6.5 30 4-27-2021
44314 400000 6.5 30 4-28-2021
44315 400000 6.5 30 4-29-2021
44316 400000 6.5 30 4-30-2021
44317 400000 6.5 30 5-1-2021
44318 400000 6.5 30 5-2-2021
44319 400000 6.5 30 5-3-2021
44320 400000 6.5 30 5-4-2021
44321 400000 6.5 30 5-5-2021
44322 400000 6.5 30 5-6-2021
44323 400000 6.5 30 5-7-2021
44324 400000 6.5 30 5-8-2021
44325 400000 6.5 30 5-9-2021
44326 400000 6.5 30 5-10-2021
44327 400000 6.5 30 5-11-2021
44328 400000 6.5 30 5-12-2021
44329 400000 6.5 30 5-13-2021
44330 400000 6.5 30 5-14-2021
44331 400000 6.5 30 5-15-2021
44332 400000 6.5 30 5-16-2021
44333 400000 6.5 30 5-17-2021
44334 400000 6.5 30 5-18-2021
44335 400000 6.5 30 5-19-2021
44336 400000 6.5 30 5-20-2021
44337 400000 6.5 30 5-21-2021
44338 400000 6.5 30 5-22-2021
44339 400000 6.5 30 5-23-2021
44340 400000 6.5 30 5-24-2021
44341 400000 6.5 30 5-25-2021
44342 400000 6.5 30 5-26-2021
44343 400000 6.5 30 5-27-2021
44344 400000 6.5 30 5-28-2021
44345 400000 6.5 30 5-29-2021
44346 400000 6.5 30 5-30-2021
44347 400000 6.5 30 5-31-2021
44348 400000 6.5 30 6-1-2021
44349 400000 6.5 30 6-2-2021
44350 400000 6.5 30 6-3-2021
44351 400000 6.5 30 6-4-2021
44352 400000 6.5 30 6-5-2021
44353 400000 6.5 30 6-6-2021
44354 400000 6.5 30 6-7-2021
44355 400000 6.5 30 6-8-2021
44356 400000 6.5 30 6-9-2021
44357 400000 6.5 30 6-10-2021
44358 400000 6.5 30 6-11-2021
44359 400000 6.5 30 6-12-2021
44360 400000 6.5 30 6-13-2021
44361 400000 6.5 30 6-14-2021
44362 400000 6.5 30 6-15-2021
44363 400000 6.5 30 6-16-2021
44364 400000 6.5 30 6-17-2021
44365 400000 6.5 30 6-18-2021
44366 400000 6.5 30 6-19-2021
44367 400000 6.5 30 6-20-2021
44368 400000 6.5 30 6-21-2021
44369 400000 6.5 30 6-22-2021
44370 400000 6.5 30 6-23-2021
44371 400000 6.5 30 6-24-2021
44372 400000 6.5 30 6-25-2021
44373 400000 6.5 30 6-26-2021
44374 400000 6.5 30 6-27-2021
44375 400000 6.5 30 6-28-2021
44376 400000 6.5 30 6-29-2021
44377 400000 6.5 30 6-30-2021
44378 400000 6.5 30 7-1-2021
44379 400000 6.5 30 7-2-2021
44380 400000 6.5 30 7-3-2021
44381 400000 6.5 30 7-4-2021
44382 400000 6.5 30 7-5-2021
44383 400000 6.5 30 7-6-2021
44384 400000 6.5 30 7-7-2021
44385 400000 6.5 30 7-8-2021
44386 400000 6.5 30 7-9-2021
44387 400000 6.5 30 7-10-2021
44388 400000 6.5 30 7-11-2021
44389 400000 6.5 30 7-12-2021
44390 400000 6.5 30 7-13-2021
44391 400000 6.5 30 7-14-2021
44392 400000 6.5 30 7-15-2021
44393 400000 6.5 30 7-16-2021
44394 400000 6.5 30 7-17-2021
44395 400000 6.5 30 7-18-2021
44396 400000 6.5 30 7-19-2021
44397 400000 6.5 30 7-20-2021
44398 400000 6.5 30 7-21-2021
44399 400000 6.5 30 7-22-2021
44400 400000 6.5 30 7-23-2021
44401 400000 6.5 30 7-24-2021
44402 400000 6.5 30 7-25-2021
44403 400000 6.5 30 7-26-2021
44404 400000 6.5 30 7-27-2021
44405 400000 6.5 30 7-28-2021
44406 400000 6.5 30 7-29-2021
44407 400000 6.5 30 7-30-2021
44408 400000 6.5 30 7-31-2021
44409 400000 6.5 30 8-1-2021
44410 400000 6.5 30 8-2-2021
44411 400000 6.5 30 8-3-2021
44412 400000 6.5 30 8-4-2021
44413 400000 6.5 30 8-5-2021
44414 400000 6.5 30 8-6-2021
44415 400000 6.5 30 8-7-2021
44416 400000 6.5 30 8-8-2021
44417 400000 6.5 30 8-9-2021
44418 400000 6.5 30 8-10-2021
44419 400000 6.5 30 8-11-2021
44420 400000 6.5 30 8-12-2021
44421 400000 6.5 30 8-13-2021
44422 400000 6.5 30 8-14-2021
44423 400000 6.5 30 8-15-2021
44424 400000 6.5 30 8-16-2021
44425 400000 6.5 30 8-17-2021
44426 400000 6.5 30 8-18-2021
44427 400000 6.5 30 8-19-2021
44428 400000 6.5 30 8-20-2021
44429 400000 6.5 30 8-21-2021
44430 400000 6.5 30 8-22-2021
44431 400000 6.5 30 8-23-2021
44432 400000 6.5 30 8-24-2021
44433 400000 6.5 30 8-25-2021
44434 400000 6.5 30 8-26-2021
44435 400000 6.5 30 8-27-2021
44436 400000 6.5 30 8-28-2021
44437 400000 6.5 30 8-29-2021
44438 400000 6.5 30 8-30-2021
44439 400000 6.5 30 8-31-2021
44440 400000 6.5 30 9-1-2021
44441 400000 6.5 30 9-2-2021
44442 400000 6.5 30 9-3-2021
44443 400000 6.5 30 9-4-2021
44444 400000 6.5 30 9-5-2021
44445 400000 6.5 30 9-6-2021
44446 400000 6.5 30 9-7-2021
44447 400000 6.5 30 9-8-2021
44448 400000 6.5 30 9-9-2021
44449 400000 6.5 30 9-10-2021
44450 400000 6.5 30 9-11-2021
44451 400000 6.5 30 9-12-2021
44452 400000 6.5 30 9-13-2021
44453 400000 6.5 30 9-14-2021
44454 400000 6.5 30 9-15-2021
44455 400000 6.5 30 9-16-2021
44456 400000 6.5 30 9-17-2021
44457 400000 6.5 30 9-18-2021
44458 400000 6.5 30 9-19-2021
44459 400000 6.5 30 9-20-2021
44460 400000 6.5 30 9-21-2021
44461 400000 6.5 30 9-22-2021
44462 400000 6.5 30 9-23-2021
44463 400000 6.5 30 9-24-2021
44464 400000 6.5 30 9-25-2021
44465 400000 6.5 30 9-26-2021
44466 400000 6.5 30 9-27-2021
44467 400000 6.5 30 9-28-2021
44468 400000 6.5 30 9-29-2021
44469 400000 6.5 30 9-30-2021
44470 400000 6.5 30 10-1-2021
44471 400000 6.5 30 10-2-2021
44472 400000 6.5 30 10-3-2021
44473 400000 6.5 30 10-4-2021
44474 400000 6.5 30 10-5-2021
44475 400000 6.5 30 10-6-2021
44476 400000 6.5 30 10-7-2021
44477 400000 6.5 30 10-8-2021
44478 400000 6.5 30 10-9-2021
44479 400000 6.5 30 10-10-2021
44480 400000 6.5 30 10-11-2021
44481 400000 6.5 30 10-12-2021
44482 400000 6.5 30 10-13-2021
44483 400000 6.5 30 10-14-2021
44484 400000 6.5 30 10-15-2021
44485 400000 6.5 30 10-16-2021
44486 400000 6.5 30 10-17-2021
44487 400000 6.5 30 10-18-2021
44488 400000 6.5 30 10-19-2021
44489 400000 6.5 30 10-20-2021
44490 400000 6.5 30 10-21-2021
44491 400000 6.5 30 10-22-2021
44492 400000 6.5 30 10-23-2021
44493 400000 6.5 30 10-24-2021
44494 400000 6.5 30 10-25-2021
44495 400000 6.5 30 10-26-2021
44496 400000 6.5 30 10-27-2021
44497 400000 6.5 30 10-28-2021
44498 400000 6.5 30 10-29-2021
44499 400000 6.5 30 10-30-2021
44500 400000 6.5 30 10-31-2021
44501 400000 6.5 30 11-1-2021
44502 400000 6.5 30 11-2-2021
44503 400000 6.5 30 11-3-2021
44504 400000 6.5 30 11-4-2021
44505 400000 6.5 30 11-5-2021
44506 400000 6.5 30 11-6-2021
44507 400000 6.5 30 11-7-2021
44508 400000 6.5 30 11-8-2021
44509 400000 6.5 30 11-9-2021
44510 400000 6.5 30 11-10-2021
44511 400000 6.5 30 11-11-2021
44512 400000 6.5 30 11-12-2021
44513 400000 6.5 30 11-13-2021
44514 400000 6.5 30 11-14-2021
44515 400000 6.5 30 11-15-2021
44516 400000 6.5 30 11-16-2021
44517 400000 6.5 30 11-17-2021
44518 400000 6.5 30 11-18-2021
44519 400000 6.5 30 11-19-2021
44520 400000 6.5 30 11-20-2021
44521 400000 6.5 30 11-21-2021
44522 400000 6.5 30 11-22-2021
44523 400000 6.5 30 11-23-2021
44524 400000 6.5 30 11-24-2021
44525 400000 6.5 30 11-25-2021
44526 400000 6.5 30 11-26-2021
44527 400000 6.5 30 11-27-2021
44528 400000 6.5 30 11-28-2021
44529 400000 6.5 30 11-29-2021
44530 400000 6.5 30 11-30-2021
44531 400000 6.5 30 12-1-2021
44532 400000 6.5 30 12-2-2021
44533 400000 6.5 30 12-3-2021
44534 400000 6.5 30 12-4-2021
44535 400000 6.5 30 12-5-2021
44536 400000 6.5 30 12-6-2021
44537 400000 6.5 30 12-7-2021
44538 400000 6.5 30 12-8-2021
44539 400000 6.5 30 12-9-2021
44540 400000 6.5 30 12-10-2021
44541 400000 6.5 30 12-11-2021
44542 400000 6.5 30 12-12-2021
44543 400000 6.5 30 12-13-2021
44544 400000 6.5 30 12-14-2021
44545 400000 6.5 30 12-15-2021
44546 400000 6.5 30 12-16-2021
44547 400000 6.5 30 12-17-2021
44548 400000 6.5 30 12-18-2021
44549 400000 6.5 30 12-19-2021
44550 400000 6.5 30 12-20-2021
44551 400000 6.5 30 12-21-2021
44552 400000 6.5 30 12-22-2021
44553 400000 6.5 30 12-23-2021
44554 400000 6.5 30 12-24-2021
44555 400000 6.5 30 12-25-2021
44556 400000 6.5 30 12-26-2021
44557 400000 6.5 30 12-27-2021
44558 400000 6.5 30 12-28-2021
44559 400000 6.5 30 12-29-2021
44560 400000 6.5 30 12-30-2021
44561 400000 6.5 30 12-31-2021
44562 400000 6.5 30 1-1-2022
44563 400000 6.5 30 1-2-2022
44564 400000 6.5 30 1-3-2022
44565 400000 6.5 30 1-4-2022
44566 400000 6.5 30 1-5-2022
44567 400000 6.5 30 1-6-2022
44568 400000 6.5 30 1-7-2022
44569 400000 6.5 30 1-8-2022
44570 400000 6.5 30 1-9-2022
44571 400000 6.5 30 1-10-2022
44572 400000 6.5 30 1-11-2022
44573 400000 6.5 30 1-12-2022
44574 400000 6.5 30 1-13-2022
44575 400000 6.5 30 1-14-2022
44576 400000 6.5 30 1-15-2022
44577 400000 6.5 30 1-16-2022
44578 400000 6.5 30 1-17-2022
44579 400000 6.5 30 1-18-2022
44580 400000 6.5 30 1-19-2022
44581 400000 6.5 30 1-20-2022
44582 400000 6.5 30 1-21-2022
44583 400000 6.5 30 1-22-2022
44584 400000 6.5 30 1-23-2022
44585 400000 6.5 30 1-24-2022
44586 400000 6.5 30 1-25-2022
44587 400000 6.5 30 1-26-2022
44588 400000 6.5 30 1-27-2022
44589 400000 6.5 30 1-28-2022
44590 400000 6.5 30 1-29-2022
44591 400000 6.5 30 1-30-2022
44592 400000 6.5 30 1-31-2022
44593 400000 6.5 30 2-1-2022
44594 400000 6.5 30 2-2-2022
44595 400000 6.5 30 2-3-2022
44596 400000 6.5 30 2-4-2022
44597 400000 6.5 30 2-5-2022
44598 400000 6.5 30 2-6-2022
44599 400000 6.5 30 2-7-2022
44600 400000 6.5 30 2-8-2022
44601 400000 6.5 30 2-9-2022
44602 400000 6.5 30 2-10-2022
44603 400000 6.5 30 2-11-2022
44604 400000 6.5 30 2-12-2022
44605 400000 6.5 30 2-13-2022
44606 400000 6.5 30 2-14-2022
44607 400000 6.5 30 2-15-2022
44608 400000 6.5 30 2-16-2022
44609 400000 6.5 30 2-17-2022
44610 400000 6.5 30 2-18-2022
44611 400000 6.5 30 2-19-2022
44612 400000 6.5 30 2-20-2022
44613 400000 6.5 30 2-21-2022
44614 400000 6.5 30 2-22-2022
44615 400000 6.5 30 2-23-2022
44616 400000 6.5 30 2-24-2022
44617 400000 6.5 30 2-25-2022
44618 400000 6.5 30 2-26-2022
44619 400000 6.5 30 2-27-2022
44620 400000 6.5 30 2-28-2022
44621 400000 6.5 30 3-1-2022
44622 400000 6.5 30 3-2-2022
44623 400000 6.5 30 3-3-2022
44624 400000 6.5 30 3-4-2022
44625 400000 6.5 30 3-5-2022
44626 400000 6.5 30 3-6-2022
44627 400000 6.5 30 3-7-2022
44628 400000 6.5 30 3-8-2022
44629 400000 6.5 30 3-9-2022
44630 400000 6.5 30 3-10-2022
44631 400000 6.5 30 3-11-2022
44632 400000 6.5 30 3-12-2022
44633 400000 6.5 30 3-13-2022
44634 400000 6.5 30 3-14-2022
44635 400000 6.5 30 3-15-2022
44636 400000 6.5 30 3-16-2022
44637 400000 6.5 30 3-17-2022
44638 400000 6.5 30 3-18-2022
44639 400000 6.5 30 3-19-2022
44640 400000 6.5 30 3-20-2022
44641 400000 6.5 30 3-21-2022
44642 400000 6.5 30 3-22-2022
44643 400000 6.5 30 3-23-2022
44644 400000 6.5 30 3-24-2022
44645 400000 6.5 30 3-25-2022
44646 400000 6.5 30 3-26-2022
44647 400000 6.5 30 3-27-2022
44648 400000 6.5 30 3-28-2022
44649 400000 6.5 30 3-29-2022
44650 400000 6.5 30 3-30-2022
44651 400000 6.5 30 3-31-2022
44652 400000 6.5 30 4-1-2022
44653 400000 6.5 30 4-2-2022
44654 400000 6.5 30 4-3-2022
44655 400000 6.5 30 4-4-2022
44656 400000 6.5 30 4-5-2022
44657 400000 6.5 30 4-6-2022
44658 400000 6.5 30 4-7-2022
44659 400000 6.5 30 4-8-2022
44660 400000 6.5 30 4-9-2022
44661 400000 6.5 30 4-10-2022
44662 400000 6.5 30 4-11-2022
44663 400000 6.5 30 4-12-2022
44664 400000 6.5 30 4-13-2022
44665 400000 6.5 30 4-14-2022
44666 400000 6.5 30 4-15-2022
44667 400000 6.5 30 4-16-2022
44668 400000 6.5 30 4-17-2022
44669 400000 6.5 30 4-18-2022
44670 400000 6.5 30 4-19-2022
44671 400000 6.5 30 4-20-2022
44672 400000 6.5 30 4-21-2022
44673 400000 6.5 30 4-22-2022
44674 400000 6.5 30 4-23-2022
44675 400000 6.5 30 4-24-2022
44676 400000 6.5 30 4-25-2022
44677 400000 6.5 30 4-26-2022
44678 400000 6.5 30 4-27-2022
44679 400000 6.5 30 4-28-2022
44680 400000 6.5 30 4-29-2022
44681 400000 6.5 30 4-30-2022
44682 400000 6.5 30 5-1-2022
44683 400000 6.5 30 5-2-2022
44684 400000 6.5 30 5-3-2022
44685 400000 6.5 30 5-4-2022
44686 400000 6.5 30 5-5-2022
44687 400000 6.5 30 5-6-2022
44688 400000 6.5 30 5-7-2022
44689 400000 6.5 30 5-8-2022
44690 400000 6.5 30 5-9-2022
44691 400000 6.5 30 5-10-2022
44692 400000 6.5 30 5-11-2022
44693 400000 6.5 30 5-12-2022
44694 400000 6.5 30 5-13-2022
44695 400000 6.5 30 5-14-2022
44696 400000 6.5 30 5-15-2022
44697 400000 6.5 30 5-16-2022
44698 400000 6.5 30 5-17-2022
44699 400000 6.5 30 5-18-2022
44700 400000 6.5 30 5-19-2022
44701 400000 6.5 30 5-20-2022
44702 400000 6.5 30 5-21-2022
44703 400000 6.5 30 5-22-2022
44704 400000 6.5 30 5-23-2022
44705 400000 6.5 30 5-24-2022
44706 400000 6.5 30 5-25-2022
44707 400000 6.5 30 5-26-2022
44708 400000 6.5 30 5-27-2022
44709 400000 6.5 30 5-28-2022
44710 400000 6.5 30 5-29-2022
44711 400000 6.5 30 5-30-2022
44712 400000 6.5 30 5-31-2022
44713 400000 6.5 30 6-1-2022
44714 400000 6.5 30 6-2-2022
44715 400000 6.5 30 6-3-2022
44716 400000 6.5 30 6-4-2022
44717 400000 6.5 30 6-5-2022
44718 400000 6.5 30 6-6-2022
44719 400000 6.5 30 6-7-2022
44720 400000 6.5 30 6-8-2022
44721 400000 6.5 30 6-9-2022
44722 400000 6.5 30 6-10-2022
44723 400000 6.5 30 6-11-2022
44724 400000 6.5 30 6-12-2022
44725 400000 6.5 30 6-13-2022
44726 400000 6.5 30 6-14-2022
44727 400000 6.5 30 6-15-2022
44728 400000 6.5 30 6-16-2022
44729 400000 6.5 30 6-17-2022
44730 400000 6.5 30 6-18-2022
44731 400000 6.5 30 6-19-2022
44732 400000 6.5 30 6-20-2022
44733 400000 6.5 30 6-21-2022
44734 400000 6.5 30 6-22-2022
44735 400000 6.5 30 6-23-2022
44736 400000 6.5 30 6-24-2022
44737 400000 6.5 30 6-25-2022
44738 400000 6.5 30 6-26-2022
44739 400000 6.5 30 6-27-2022
44740 400000 6.5 30 6-28-2022
44741 400000 6.5 30 6-29-2022
44742 400000 6.5 30 6-30-2022
44743 400000 6.5 30 7-1-2022
44744 400000 6.5 30 7-2-2022
44745 400000 6.5 30 7-3-2022
44746 400000 6.5 30 7-4-2022
44747 400000 6.5 30 7-5-2022
44748 400000 6.5 30 7-6-2022
44749 400000 6.5 30 7-7-2022
44750 400000 6.5 30 7-8-2022
44751 400000 6.5 30 7-9-2022
44752 400000 6.5 30 7-10-2022
44753 400000 6.5 30 7-11-2022
44754 400000 6.5 30 7-12-2022
44755 400000 6.5 30 7-13-2022
44756 400000 6.5 30 7-14-2022
44757 400000 6.5 30 7-15-2022
44758 400000 6.5 30 7-16-2022
44759 400000 6.5 30 7-17-2022
44760 400000 6.5 30 7-18-2022
44761 400000 6.5 30 7-19-2022
44762 400000 6.5 30 7-20-2022
44763 400000 6.5 30 7-21-2022
44764 400000 6.5 30 7-22-2022
44765 400000 6.5 30 7-23-2022
44766 400000 6.5 30 7-24-2022
44767 400000 6.5 30 7-25-2022
44768 400000 6.5 30 7-26-2022
44769 400000 6.5 30 7-27-2022
44770 400000 6.5 30 7-28-2022
44771 400000 6.5 30 7-29-2022
44772 400000 6.5 30 7-30-2022
44773 400000 6.5 30 7-31-2022
44774 400000 6.5 30 8-1-2022
44775 400000 6.5 30 8-2-2022
44776 400000 6.5 30 8-3-2022
44777 400000 6.5 30 8-4-2022
44778 400000 6.5 30 8-5-2022
44779 400000 6.5 30 8-6-2022
44780 400000 6.5 30 8-7-2022
44781 400000 6.5 30 8-8-2022
44782 400000 6.5 30 8-9-2022
44783 400000 6.5 30 8-10-2022
44784 400000 6.5 30 8-11-2022
44785 400000 6.5 30 8-12-2022
44786 400000 6.5 30 8-13-2022
44787 400000 6.5 30 8-14-2022
44788 400000 6.5 30 8-15-2022
44789 400000 6.5 30 8-16-2022
44790 400000 6.5 30 8-17-2022
44791 400000 6.5 30 8-18-2022
44792 400000 6.5 30 8-19-2022
44793 400000 6.5 30 8-20-2022
44794 400000 6.5 30 8-21-2022
44795 400000 6.5 30 8-22-2022
44796 400000 6.5 30 8-23-2022
44797 400000 6.5 30 8-24-2022
44798 400000 6.5 30 8-25-2022
44799 400000 6.5 30 8-26-2022
44800 400000 6.5 30 8-27-2022
44801 400000 6.5 30 8-28-2022
44802 400000 6.5 30 8-29-2022
44803 400000 6.5 30 8-30-2022
44804 400000 6.5 30 8-31-2022
44805 400000 6.5 30 9-1-2022
44806 400000 6.5 30 9-2-2022
44807 400000 6.5 30 9-3-2022
44808 400000 6.5 30 9-4-2022
44809 400000 6.5 30 9-5-2022
44810 400000 6.5 30 9-6-2022
44811 400000 6.5 30 9-7-2022
44812 400000 6.5 30 9-8-2022
44813 400000 6.5 30 9-9-2022
44814 400000 6.5 30 9-10-2022
44815 400000 6.5 30 9-11-2022
44816 400000 6.5 30 9-12-2022
44817 400000 6.5 30 9-13-2022
44818 400000 6.5 30 9-14-2022
44819 400000 6.5 30 9-15-2022
44820 400000 6.5 30 9-16-2022
44821 400000 6.5 30 9-17-2022
44822 400000 6.5 30 9-18-2022
44823 400000 6.5 30 9-19-2022
44824 400000 6.5 30 9-20-2022
44825 400000 6.5 30 9-21-2022
44826 400000 6.5 30 9-22-2022
44827 400000 6.5 30 9-23-2022
44828 400000 6.5 30 9-24-2022
44829 400000 6.5 30 9-25-2022
44830 400000 6.5 30 9-26-2022
44831 400000 6.5 30 9-27-2022
44832 400000 6.5 30 9-28-2022
44833 400000 6.5 30 9-29-2022
44834 400000 6.5 30 9-30-2022
44835 400000 6.5 30 10-1-2022
44836 400000 6.5 30 10-2-2022
44837 400000 6.5 30 10-3-2022
44838 400000 6.5 30 10-4-2022
44839 400000 6.5 30 10-5-2022
44840 400000 6.5 30 10-6-2022
44841 400000 6.5 30 10-7-2022
44842 400000 6.5 30 10-8-2022
44843 400000 6.5 30 10-9-2022
44844 400000 6.5 30 10-10-2022
44845 400000 6.5 30 10-11-2022
44846 400000 6.5 30 10-12-2022
44847 400000 6.5 30 10-13-2022
44848 400000 6.5 30 10-14-2022
44849 400000 6.5 30 10-15-2022
44850 400000 6.5 30 10-16-2022
44851 400000 6.5 30 10-17-2022
44852 400000 6.5 30 10-18-2022
44853 400000 6.5 30 10-19-2022
44854 400000 6.5 30 10-20-2022
44855 400000 6.5 30 10-21-2022
44856 400000 6.5 30 10-22-2022
44857 400000 6.5 30 10-23-2022
44858 400000 6.5 30 10-24-2022
44859 400000 6.5 30 10-25-2022
44860 400000 6.5 30 10-26-2022
44861 400000 6.5 30 10-27-2022
44862 400000 6.5 30 10-28-2022
44863 400000 6.5 30 10-29-2022
44864 400000 6.5 30 10-30-2022
44865 400000 6.5 30 10-31-2022
44866 400000 6.5 30 11-1-2022
44867 400000 6.5 30 11-2-2022
44868 400000 6.5 30 11-3-2022
44869 400000 6.5 30 11-4-2022
44870 400000 6.5 30 11-5-2022
44871 400000 6.5 30 11-6-2022
44872 400000 6.5 30 11-7-2022
44873 400000 6.5 30 11-8-2022
44874 400000 6.5 30 11-9-2022
44875 400000 6.5 30 11-10-2022
44876 400000 6.5 30 11-11-2022
44877 400000 6.5 30 11-12-2022
44878 400000 6.5 30 11-13-2022
44879 400000 6.5 30 11-14-2022
44880 400000 6.5 30 11-15-2022
44881 400000 6.5 30 11-16-2022
44882 400000 6.5 30 11-17-2022
44883 400000 6.5 30 11-18-2022
44884 400000 6.5 30 11-19-2022
44885 400000 6.5 30 11-20-2022
44886 400000 6.5 30 11-21-2022
44887 400000 6.5 30 11-22-2022
44888 400000 6.5 30 11-23-2022
44889 400000 6.5 30 11-24-2022
44890 400000 6.5 30 11-25-2022
44891 400000 6.5 30 11-26-2022
44892 400000 6.5 30 11-27-2022
44893 400000 6.5 30 11-28-2022
44894 400000 6.5 30 11-29-2022
44895 400000 6.5 30 11-30-2022
44896 400000 6.5 30 12-1-2022
44897 400000 6.5 30 12-2-2022
44898 400000 6.5 30 12-3-2022
44899 400000 6.5 30 12-4-2022
44900 400000 6.5 30 12-5-2022
44901 400000 6.5 30 12-6-2022
44902 400000 6.5 30 12-7-2022
44903 400000 6.5 30 12-8-2022
44904 400000 6.5 30 12-9-2022
44905 400000 6.5 30 12-10-2022
44906 400000 6.5 30 12-11-2022
44907 400000 6.5 30 12-12-2022
44908 400000 6.5 30 12-13-2022
44909 400000 6.5 30 12-14-2022
44910 400000 6.5 30 12-15-2022
44911 400000 6.5 30 12-16-2022
44912 400000 6.5 30 12-17-2022
44913 400000 6.5 30 12-18-2022
44914 400000 6.5 30 12-19-2022
44915 400000 6.5 30 12-20-2022
44916 400000 6.5 30 12-21-2022
44917 400000 6.5 30 12-22-2022
44918 400000 6.5 30 12-23-2022
44919 400000 6.5 30 12-24-2022
44920 400000 6.5 30 12-25-2022
44921 400000 6.5 30 12-26-2022
44922 400000 6.5 30 12-27-2022
44923 400000 6.5 30 12-28-2022
44924 400000 6.5 30 12-29-2022
44925 400000 6.5 30 12-30-2022
44926 400000 6.5 30 12-31-2022
44927 400000 6.5 30 1-1-2023
44928 400000 6.5 30 1-2-2023
44929 400000 6.5 30 1-3-2023
44930 400000 6.5 30 1-4-2023
44931 400000 6.5 30 1-5-2023
44932 400000 6.5 30 1-6-2023
44933 400000 6.5 30 1-7-2023
44934 400000 6.5 30 1-8-2023
44935 400000 6.5 30 1-9-2023
44936 400000 6.5 30 1-10-2023
44937 400000 6.5 30 1-11-2023
44938 400000 6.5 30 1-12-2023
44939 400000 6.5 30 1-13-2023
44940 400000 6.5 30 1-14-2023
44941 400000 6.5 30 1-15-2023
44942 400000 6.5 30 1-16-2023
44943 400000 6.5 30 1-17-2023
44944 400000 6.5 30 1-18-2023
44945 400000 6.5 30 1-19-2023
44946 400000 6.5 30 1-20-2023
44947 400000 6.5 30 1-21-2023
44948 400000 6.5 30 1-22-2023
44949 400000 6.5 30 1-23-2023
44950 400000 6.5 30 1-24-2023
44951 400000 6.5 30 1-25-2023
44952 400000 6.5 30 1-26-2023
44953 400000 6.5 30 1-27-2023
44954 400000 6.5 30 1-28-2023
44955 400000 6.5 30 1-29-2023
44956 400000 6.5 30 1-30-2023
44957 400000 6.5 30 1-31-2023
44958 400000 6.5 30 2-1-2023
44959 400000 6.5 30 2-2-2023
44960 400000 6.5 30 2-3-2023
44961 400000 6.5 30 2-4-2023
44962 400000 6.5 30 2-5-2023
44963 400000 6.5 30 2-6-2023
44964 400000 6.5 30 2-7-2023
44965 400000 6.5 30 2-8-2023
44966 400000 6.5 30 2-9-2023
44967 400000 6.5 30 2-10-2023
44968 400000 6.5 30 2-11-2023
44969 400000 6.5 30 2-12-2023
44970 400000 6.5 30 2-13-2023
44971 400000 6.5 30 2-14-2023
44972 400000 6.5 30 2-15-2023
44973 400000 6.5 30 2-16-2023
44974 400000 6.5 30 2-17-2023
44975 400000 6.5 30 2-18-2023
44976 400000 6.5 30 2-19-2023
44977 400000 6.5 30 2-20-2023
44978 400000 6.5 30 2-21-2023
44979 400000 6.5 30 2-22-2023
44980 400000 6.5 30 2-23-2023
44981 400000 6.5 30 2-24-2023
44982 400000 6.5 30 2-25-2023
44983 400000 6.5 30 2-26-2023
44984 400000 6.5 30 2-27-2023
44985 400000 6.5 30 2-28-2023
44986 400000 6.5 30 3-1-2023
44987 400000 6.5 30 3-2-2023
44988 400000 6.5 30 3-3-2023
44989 400000 6.5 30 3-4-2023
44990 400000 6.5 30 3-5-2023
44991 400000 6.5 30 3-6-2023
44992 400000 6.5 30 3-7-2023
44993 400000 6.5 30 3-8-2023
44994 400000 6.5 30 3-9-2023
44995 400000 6.5 30 3-10-2023
44996 400000 6.5 30 3-11-2023
44997 400000 6.5 30 3-12-2023
44998 400000 6.5 30 3-13-2023
44999 400000 6.5 30 3-14-2023
45000 400000 6.5 30 3-15-2023
45001 400000 6.5 30 3-16-2023
45002 400000 6.5 30 3-17-2023
45003 400000 6.5 30 3-18-2023
45004 400000 6.5 30 3-19-2023
45005 400000 6.5 30 3-20-2023
45006 400000 6.5 30 3-21-2023
45007 400000 6.5 30 3-22-2023
45008 400000 6.5 30 3-23-2023
45009 400000 6.5 30 3-24-2023
45010 400000 6.5 30 3-25-2023
45011 400000 6.5 30 3-26-2023
45012 400000 6.5 30 3-27-2023
45013 400000 6.5 30 3-28-2023
45014 400000 6.5 30 3-29-2023
45015 400000 6.5 30 3-30-2023
45016 400000 6.5 30 3-31-2023
45017 400000 6.5 30 4-1-2023
45018 400000 6.5 30 4-2-2023
45019 400000 6.5 30 4-3-2023
45020 400000 6.5 30 4-4-2023
45021 400000 6.5 30 4-5-2023
45022 400000 6.5 30 4-6-2023
45023 400000 6.5 30 4-7-2023
45024 400000 6.5 30 4-8-2023
45025 400000 6.5 30 4-9-2023
45026 400000 6.5 30 4-10-2023
45027 400000 6.5 30 4-11-2023
45028 400000 6.5 30 4-12-2023
45029 400000 6.5 30 4-13-2023
45030 400000 6.5 30 4-14-2023
45031 400000 6.5 30 4-15-2023
45032 400000 6.5 30 4-16-2023
45033 400000 6.5 30 4-17-2023
45034 400000 6.5 30 4-18-2023
45035 400000 6.5 30 4-19-2023
45036 400000 6.5 30 4-20-2023
45037 400000 6.5 30 4-21-2023
45038 400000 6.5 30 4-22-2023
45039 400000 6.5 30 4-23-2023
45040 400000 6.5 30 4-24-2023
45041 400000 6.5 30 4-25-2023
45042 400000 6.5 30 4-26-2023
45043 400000 6.5 30 4-27-2023
45044 400000 6.5 30 4-28-2023
45045 400000 6.5 30 4-29-2023
45046 400000 6.5 30 4-30-2023
45047 400000 6.5 30 5-1-2023
45048 400000 6.5 30 5-2-2023
45049 400000 6.5 30 5-3-2023
45050 400000 6.5 30 5-4-2023
45051 400000 6.5 30 5-5-2023
45052 400000 6.5 30 5-6-2023
45053 400000 6.5 30 5-7-2023
45054 400000 6.5 30 5-8-2023
45055 400000 6.5 30 5-9-2023
45056 400000 6.5 30 5-10-2023
45057 400000 6.5 30 5-11-2023
45058 400000 6.5 30 5-12-2023
45059 400000 6.5 30 5-13-2023
45060 400000 6.5 30 5-14-2023
45061 400000 6.5 30 5-15-2023
45062 400000 6.5 30 5-16-2023
45063 400000 6.5 30 5-17-2023
45064 400000 6.5 30 5-18-2023
45065 400000 6.5 30 5-19-2023
45066 400000 6.5 30 5-20-2023
45067 400000 6.5 30 5-21-2023
45068 400000 6.5 30 5-22-2023
45069 400000 6.5 30 5-23-2023
45070 400000 6.5 30 5-24-2023
45071 400000 6.5 30 5-25-2023
45072 400000 6.5 30 5-26-2023
45073 400000 6.5 30 5-27-2023
45074 400000 6.5 30 5-28-2023
45075 400000 6.5 30 5-29-2023
45076 400000 6.5 30 5-30-2023
45077 400000 6.5 30 5-31-2023
45078 400000 6.5 30 6-1-2023
45079 400000 6.5 30 6-2-2023
45080 400000 6.5 30 6-3-2023
45081 400000 6.5 30 6-4-2023
45082 400000 6.5 30 6-5-2023
45083 400000 6.5 30 6-6-2023
45084 400000 6.5 30 6-7-2023
45085 400000 6.5 30 6-8-2023
45086 400000 6.5 30 6-9-2023
45087 400000 6.5 30 6-10-2023
45088 400000 6.5 30 6-11-2023
45089 400000 6.5 30 6-12-2023
45090 400000 6.5 30 6-13-2023
45091 400000 6.5 30 6-14-2023
45092 400000 6.5 30 6-15-2023
45093 400000 6.5 30 6-16-2023
45094 400000 6.5 30 6-17-2023
45095 400000 6.5 30 6-18-2023
45096 400000 6.5 30 6-19-2023
45097 400000 6.5 30 6-20-2023
45098 400000 6.5 30 6-21-2023
45099 400000 6.5 30 6-22-2023
45100 400000 6.5 30 6-23-2023
45101 400000 6.5 30 6-24-2023
45102 400000 6.5 30 6-25-2023
45103 400000 6.5 30 6-26-2023
45104 400000 6.5 30 6-27-2023
45105 400000 6.5 30 6-28-2023
45106 400000 6.5 30 6-29-2023
45107 400000 6.5 30 6-30-2023
45108 400000 6.5 30 7-1-2023
45109 400000 6.5 30 7-2-2023
45110 400000 6.5 30 7-3-2023
45111 400000 6.5 30 7-4-2023
45112 400000 6.5 30 7-5-2023
45113 400000 6.5 30 7-6-2023
45114 400000 6.5 30 7-7-2023
45115 400000 6.5 30 7-8-2023
45116 400000 6.5 30 7-9-2023
45117 400000 6.5 30 7-10-2023
45118 400000 6.5 30 7-11-2023
45119 400000 6.5 30 7-12-2023
45120 400000 6.5 30 7-13-2023
45121 400000 6.5 30 7-14-2023
45122 400000 6.5 30 7-15-2023
45123 400000 6.5 30 7-16-2023
45124 400000 6.5 30 7-17-2023
45125 400000 6.5 30 7-18-2023
45126 400000 6.5 30 7-19-2023
45127 400000 6.5 30 7-20-2023
45128 400000 6.5 30 7-21-2023
45129 400000 6.5 30 7-22-2023
45130 400000 6.5 30 7-23-2023
45131 400000 6.5 30 7-24-2023
45132 400000 6.5 30 7-25-2023
45133 400000 6.5 30 7-26-2023
45134 400000 6.5 30 7-27-2023
45135 400000 6.5 30 7-28-2023
45136 400000 6.5 30 7-29-2023
45137 400000 6.5 30 7-30-2023
45138 400000 6.5 30 7-31-2023
45139 400000 6.5 30 8-1-2023
45140 400000 6.5 30 8-2-2023
45141 400000 6.5 30 8-3-2023
45142 400000 6.5 30 8-4-2023
45143 400000 6.5 30 8-5-2023
45144 400000 6.5 30 8-6-2023
45145 400000 6.5 30 8-7-2023
45146 400000 6.5 30 8-8-2023
45147 400000 6.5 30 8-9-2023
45148 400000 6.5 30 8-10-2023
45149 400000 6.5 30 8-11-2023
45150 400000 6.5 30 8-12-2023
45151 400000 6.5 30 8-13-2023
45152 400000 6.5 30 8-14-2023
45153 400000 6.5 30 8-15-2023
45154 400000 6.5 30 8-16-2023
45155 400000 6.5 30 8-17-2023
45156 400000 6.5 30 8-18-2023
45157 400000 6.5 30 8-19-2023
45158 400000 6.5 30 8-20-2023
45159 400000 6.5 30 8-21-2023
45160 400000 6.5 30 8-22-2023
45161 400000 6.5 30 8-23-2023
45162 400000 6.5 30 8-24-2023
45163 400000 6.5 30 8-25-2023
45164 400000 6.5 30 8-26-2023
45165 400000 6.5 30 8-27-2023
45166 400000 6.5 30 8-28-2023
45167 400000 6.5 30 8-29-2023
45168 400000 6.5 30 8-30-2023
45169 400000 6.5 30 8-31-2023
45170 400000 6.5 30 9-1-2023
45171 400000 6.5 30 9-2-2023
45172 400000 6.5 30 9-3-2023
45173 400000 6.5 30 9-4-2023
45174 400000 6.5 30 9-5-2023
45175 400000 6.5 30 9-6-2023
45176 400000 6.5 30 9-7-2023
45177 400000 6.5 30 9-8-2023
45178 400000 6.5 30 9-9-2023
45179 400000 6.5 30 9-10-2023
45180 400000 6.5 30 9-11-2023
45181 400000 6.5 30 9-12-2023
45182 400000 6.5 30 9-13-2023
45183 400000 6.5 30 9-14-2023
45184 400000 6.5 30 9-15-2023
45185 400000 6.5 30 9-16-2023
45186 400000 6.5 30 9-17-2023
45187 400000 6.5 30 9-18-2023
45188 400000 6.5 30 9-19-2023
45189 400000 6.5 30 9-20-2023
45190 400000 6.5 30 9-21-2023
45191 400000 6.5 30 9-22-2023
45192 400000 6.5 30 9-23-2023
45193 400000 6.5 30 9-24-2023
45194 400000 6.5 30 9-25-2023
45195 400000 6.5 30 9-26-2023
45196 400000 6.5 30 9-27-2023
45197 400000 6.5 30 9-28-2023
45198 400000 6.5 30 9-29-2023
45199 400000 6.5 30 9-30-2023
45200 400000 6.5 30 10-1-2023
45201 400000 6.5 30 10-2-2023
45202 400000 6.5 30 10-3-2023
45203 400000 6.5 30 10-4-2023
45204 400000 6.5 30 10-5-2023
45205 400000 6.5 30 10-6-2023
45206 400000 6.5 30 10-7-2023
45207 400000 6.5 30 10-8-2023
45208 400000 6.5 30 10-9-2023
45209 400000 6.5 30 10-10-2023
45210 400000 6.5 30 10-11-2023
45211 400000 6.5 30 10-12-2023
45212 400000 6.5 30 10-13-2023
45213 400000 6.5 30 10-14-2023
45214 400000 6.5 30 10-15-2023
45215 400000 6.5 30 10-16-2023
45216 400000 6.5 30 10-17-2023
45217 400000 6.5 30 10-18-2023
45218 400000 6.5 30 10-19-2023
45219 400000 6.5 30 10-20-2023
45220 400000 6.5 30 10-21-2023
45221 400000 6.5 30 10-22-2023
45222 400000 6.5 30 10-23-2023
45223 400000 6.5 30 10-24-2023
45224 400000 6.5 30 10-25-2023
45225 400000 6.5 30 10-26-2023
45226 400000 6.5 30 10-27-2023
45227 400000 6.5 30 10-28-2023
45228 400000 6.5 30 10-29-2023
45229 400000 6.5 30 10-30-2023
45230 400000 6.5 30 10-31-2023
45231 400000 6.5 30 11-1-2023
45232 400000 6.5 30 11-2-2023
45233 400000 6.5 30 11-3-2023
45234 400000 6.5 30 11-4-2023
45235 400000 6.5 30 11-5-2023
45236 400000 6.5 30 11-6-2023
45237 400000 6.5 30 11-7-2023
45238 400000 6.5 30 11-8-2023
45239 400000 6.5 30 11-9-2023
45240 400000 6.5 30 11-10-2023
45241 400000 6.5 30 11-11-2023
45242 400000 6.5 30 11-12-2023
45243 400000 6.5 30 11-13-2023
45244 400000 6.5 30 11-14-2023
45245 400000 6.5 30 11-15-2023
45246 400000 6.5 30 11-16-2023
45247 400000 6.5 30 11-17-2023
45248 400000 6.5 30 11-18-2023
45249 400000 6.5 30 11-19-2023
45250 400000 6.5 30 11-20-2023
45251 400000 6.5 30 11-21-2023
45252 400000 6.5 30 11-22-2023
45253 400000 6.5 30 11-23-2023
45254 400000 6.5 30 11-24-2023
45255 400000 6.5 30 11-25-2023
45256 400000 6.5 30 11-26-2023
45257 400000 6.5 30 11-27-2023
45258 400000 6.5 30 11-28-2023
45259 400000 6.5 30 11-29-2023
45260 400000 6.5 30 11-30-2023
45261 400000 6.5 30 12-1-2023
45262 400000 6.5 30 12-2-2023
45263 400000 6.5 30 12-3-2023
45264 400000 6.5 30 12-4-2023
45265 400000 6.5 30 12-5-2023
45266 400000 6.5 30 12-6-2023
